815.000000 0.905792 0.085890 100.000000 100.000000 0.465350 0.013572 0.139016 0.063604 0.318753 0.028571 59.000000 35.000000 58.000000 152.000000 30509.380532 297.742426
569.000000 0.043752 0.971880 100.000000 100.000000 0.276158 0.066399 0.219990 0.046710 0.473721 0.097138 52.000000 47.000000 71.000000 170.000000 39821.744554 329.172666
829.000000 0.580232 0.400483 100.000000 100.000000 0.332303 0.088908 0.285667 0.093514 0.141669 0.079259 52.000000 52.000000 41.000000 145.000000 42581.845971 370.701260
653.000000 0.030929 0.973966 100.000000 100.000000 0.169514 0.082995 0.134408 0.081817 0.208316 0.072122 37.000000 37.000000 41.000000 115.000000 41840.902707 349.302853
105.000000 0.937115 0.057143 100.000000 100.000000 0.361834 0.010864 0.196158 0.063104 0.247772 0.031927 63.000000 37.000000 47.000000 147.000000 42495.327506 321.674179
645.000000 0.150648 0.855814 100.000000 100.000000 0.438818 0.093349 0.244925 0.029918 0.317734 0.037188 56.000000 46.000000 54.000000 156.000000 40169.110701 358.168773
990.000000 0.424997 0.621212 100.000000 100.000000 0.234630 0.092415 0.445538 0.082852 0.327856 0.066675 45.000000 66.000000 52.000000 163.000000 40084.130393 341.733613
280.000000 0.298236 0.692857 100.000000 100.000000 0.291592 0.046176 0.437421 0.024378 0.225065 0.059971 45.000000 62.000000 43.000000 150.000000 39289.627352 345.703804
990.000000 0.331979 0.679798 100.000000 100.000000 0.267021 0.058045 0.120533 0.079684 0.195438 0.075639 47.000000 29.000000 46.000000 122.000000 38810.411874 372.842949
30.000000 0.345666 0.633333 100.000000 100.000000 0.196036 0.060866 0.174243 0.020634 0.250328 0.050158 44.000000 40.000000 55.000000 139.000000 39300.091230 370.539611
870.000000 0.734209 0.274713 100.000000 100.000000 0.337319 0.085260 0.239460 0.053639 0.215541 0.076699 56.000000 44.000000 46.000000 146.000000 37010.463495 366.823017
846.000000 0.645322 0.329787 100.000000 100.000000 0.224211 0.093299 0.469756 0.003786 0.129334 0.024556 49.000000 65.000000 38.000000 152.000000 36204.081360 339.147862
893.000000 0.860547 0.120941 100.000000 100.000000 0.485157 0.021328 0.247819 0.034401 0.447408 0.098415 75.000000 46.000000 70.000000 191.000000 42334.067292 349.266430
998.000000 0.212261 0.784569 100.000000 100.000000 0.397717 0.047692 0.410016 0.032583 0.486019 0.011573 65.000000 66.000000 66.000000 197.000000 37743.994898 359.010966
261.000000 0.425470 0.551724 100.000000 100.000000 0.383323 0.087028 0.161832 0.053396 0.476918 0.002125 64.000000 36.000000 66.000000 166.000000 39109.293073 364.416074
182.000000 0.076841 0.912088 100.000000 100.000000 0.324058 0.046825 0.219542 0.034730 0.394534 0.087682 45.000000 43.000000 65.000000 153.000000 39457.642887 360.676449
525.000000 0.388641 0.632381 100.000000 100.000000 0.154601 0.088998 0.258812 0.018573 0.150317 0.086741 41.000000 54.000000 34.000000 129.000000 40463.383335 348.280728
72.000000 0.475238 0.430556 100.000000 100.000000 0.254484 0.033559 0.221852 0.005455 0.108421 0.090328 53.000000 37.000000 37.000000 127.000000 39726.993586 349.101681
412.000000 0.615586 0.415049 100.000000 100.000000 0.422716 0.015595 0.180871 0.071168 0.474244 0.002272 66.000000 45.000000 71.000000 182.000000 39929.237135 348.803777
951.000000 0.079155 0.911672 100.000000 100.000000 0.314028 0.036446 0.284474 0.093618 0.461705 0.012468 54.000000 52.000000 72.000000 178.000000 39559.335279 364.104741
990.000000 0.130292 0.888889 100.000000 100.000000 0.277775 0.082373 0.176838 0.064476 0.262257 0.055559 51.000000 45.000000 46.000000 142.000000 41330.755308 365.588045
386.000000 0.448264 0.559585 100.000000 100.000000 0.214906 0.096868 0.255923 0.007352 0.330495 0.052050 42.000000 38.000000 55.000000 135.000000 43625.371324 365.516981
23.000000 0.133229 0.913043 100.000000 100.000000 0.473753 0.018070 0.177404 0.019450 0.148487 0.034535 69.000000 40.000000 36.000000 145.000000 43019.106641 366.470012
376.000000 0.359078 0.648936 100.000000 100.000000 0.387168 0.003979 0.447536 0.007414 0.104293 0.059427 65.000000 66.000000 22.000000 153.000000 41194.497012 362.259014
733.000000 0.625913 0.368349 100.000000 100.000000 0.360553 0.071547 0.234256 0.078431 0.371980 0.012826 57.000000 49.000000 60.000000 166.000000 38031.145680 360.278213
648.000000 0.239982 0.771605 100.000000 100.000000 0.323872 0.038702 0.272654 0.054399 0.213934 0.049550 60.000000 47.000000 37.000000 144.000000 37898.809708 365.602157
640.000000 0.818641 0.181250 100.000000 100.000000 0.104547 0.090664 0.356911 0.006176 0.176472 0.076239 27.000000 64.000000 41.000000 132.000000 40681.694698 371.326893
441.000000 0.413301 0.603175 100.000000 100.000000 0.204208 0.036067 0.159809 0.056789 0.261072 0.002233 46.000000 46.000000 53.000000 145.000000 40378.052252 368.705688
698.000000 0.037250 0.962751 100.000000 100.000000 0.333418 0.006782 0.393566 0.065392 0.190770 0.089293 54.000000 66.000000 45.000000 165.000000 39649.028317 359.893379
177.000000 0.073307 0.960452 100.000000 100.000000 0.298817 0.008272 0.141609 0.080586 0.228313 0.029747 47.000000 46.000000 50.000000 143.000000 39749.480353 355.639856
677.000000 0.496639 0.518464 100.000000 100.000000 0.416735 0.001782 0.225331 0.043695 0.253882 0.012135 59.000000 41.000000 50.000000 150.000000 38468.189538 359.078415
438.000000 0.995494 0.004566 100.000000 100.000000 0.410123 0.027582 0.322000 0.061710 0.389831 0.086857 66.000000 52.000000 67.000000 185.000000 49158.967251 494.228916
244.000000 0.418552 0.569672 100.000000 100.000000 0.390158 0.060385 0.225306 0.070650 0.214473 0.004995 67.000000 44.000000 44.000000 155.000000 47055.886940 408.981450
321.000000 0.181454 0.809969 100.000000 100.000000 0.218268 0.070520 0.327470 0.031251 0.401877 0.073881 41.000000 56.000000 67.000000 164.000000 44400.966761 388.028496
479.000000 0.255535 0.753653 100.000000 100.000000 0.470912 0.077752 0.133269 0.079608 0.126003 0.087636 72.000000 35.000000 35.000000 142.000000 38190.374066 359.082054
542.000000 0.100854 0.885609 100.000000 100.000000 0.190910 0.006597 0.326637 0.081943 0.347162 0.072755 37.000000 59.000000 58.000000 154.000000 39909.846723 357.881376
364.000000 0.814635 0.186813 100.000000 100.000000 0.330614 0.057498 0.162684 0.081487 0.261189 0.082855 54.000000 42.000000 54.000000 150.000000 38104.539696 357.419455
374.000000 0.739584 0.235294 100.000000 100.000000 0.203837 0.019821 0.266032 0.096127 0.299871 0.024971 34.000000 46.000000 53.000000 133.000000 41705.412206 350.469040
262.000000 0.552255 0.431298 100.000000 100.000000 0.303108 0.075487 0.428216 0.008786 0.118778 0.083059 48.000000 58.000000 35.000000 141.000000 38350.008185 360.955083
585.000000 0.476781 0.540171 100.000000 100.000000 0.381131 0.026639 0.131806 0.044713 0.286535 0.040186 68.000000 36.000000 48.000000 152.000000 38734.187914 363.862858
259.000000 0.839743 0.158301 100.000000 100.000000 0.152167 0.056960 0.321707 0.094331 0.181938 0.057567 42.000000 58.000000 43.000000 143.000000 37711.539971 363.820054
453.000000 0.498804 0.505519 100.000000 100.000000 0.349391 0.039939 0.470921 0.078040 0.251056 0.016182 65.000000 70.000000 52.000000 187.000000 38823.095258 370.325238
636.000000 0.695539 0.333333 100.000000 100.000000 0.267318 0.092221 0.387802 0.029473 0.370830 0.072979 57.000000 68.000000 65.000000 190.000000 38520.589690 372.733204
755.000000 0.129073 0.872848 100.000000 100.000000 0.242505 0.033441 0.163835 0.070219 0.163207 0.021411 48.000000 35.000000 32.000000 115.000000 37652.513149 366.159022
923.000000 0.785048 0.236186 100.000000 100.000000 0.186434 0.030259 0.493141 0.074412 0.276097 0.080311 46.000000 75.000000 54.000000 175.000000 36175.116502 330.961503
342.000000 0.229357 0.766082 100.000000 100.000000 0.271404 0.079822 0.180585 0.097050 0.176202 0.098517 53.000000 42.000000 39.000000 134.000000 34353.144389 338.914667
200.000000 0.669485 0.275000 100.000000 100.000000 0.148379 0.004535 0.396193 0.075542 0.151959 0.029369 29.000000 59.000000 41.000000 129.000000 33627.010786 341.345553
515.000000 0.970983 0.025243 100.000000 100.000000 0.417831 0.031976 0.240344 0.048037 0.349074 0.092105 61.000000 47.000000 66.000000 174.000000 28685.639053 338.660340
474.000000 0.628824 0.375527 100.000000 100.000000 0.179785 0.065024 0.376555 0.037489 0.319142 0.016572 33.000000 63.000000 52.000000 148.000000 35856.385639 351.791280
652.000000 0.986262 0.018405 100.000000 100.000000 0.426987 0.011319 0.320543 0.020076 0.460216 0.065941 69.000000 52.000000 66.000000 187.000000 33261.951182 355.964431
952.000000 0.500645 0.509454 100.000000 100.000000 0.190669 0.034948 0.419558 0.067384 0.169165 0.005519 39.000000 62.000000 47.000000 148.000000 40915.625627 362.761528
456.000000 0.036180 0.964912 100.000000 100.000000 0.355464 0.008314 0.199905 0.095678 0.161717 0.074884 49.000000 45.000000 36.000000 130.000000 40185.808202 358.077726
409.000000 0.115660 0.867971 100.000000 100.000000 0.451373 0.090327 0.290542 0.083439 0.309242 0.012142 69.000000 62.000000 59.000000 190.000000 40013.441007 358.025403
479.000000 0.960830 0.037578 100.000000 100.000000 0.114056 0.067709 0.264569 0.061232 0.460404 0.076520 31.000000 51.000000 69.000000 151.000000 31177.268618 375.342640
311.000000 0.140619 0.845659 100.000000 100.000000 0.215612 0.039325 0.230223 0.071740 0.159993 0.066113 40.000000 41.000000 36.000000 117.000000 33782.386805 360.158686
825.000000 0.186829 0.791515 100.000000 100.000000 0.484786 0.005082 0.354042 0.073738 0.486207 0.022152 75.000000 53.000000 63.000000 191.000000 38125.281838 365.433723
891.000000 0.028466 0.961841 100.000000 100.000000 0.122228 0.042911 0.250135 0.097387 0.471147 0.028596 25.000000 51.000000 76.000000 152.000000 39891.476425 350.306672
130.000000 0.529610 0.453846 100.000000 100.000000 0.128840 0.017111 0.153466 0.079373 0.335198 0.052874 25.000000 39.000000 60.000000 124.000000 39270.606878 348.191465
916.000000 0.867315 0.117904 100.000000 100.000000 0.421007 0.096506 0.365003 0.091604 0.239855 0.075804 74.000000 56.000000 55.000000 185.000000 34638.534597 359.011270
386.000000 0.071441 0.930052 100.000000 100.000000 0.480793 0.071042 0.334703 0.095326 0.371135 0.065180 71.000000 63.000000 58.000000 192.000000 34850.085099 349.834011
851.000000 0.107797 0.898942 100.000000 100.000000 0.160822 0.074460 0.121430 0.060605 0.148675 0.045114 38.000000 26.000000 31.000000 95.000000 41483.921262 358.903123
789.000000 0.471381 0.522180 100.000000 100.000000 0.137866 0.050857 0.246967 0.006309 0.263136 0.017684 30.000000 41.000000 55.000000 126.000000 38845.312992 348.162689
951.000000 0.373860 0.651945 100.000000 100.000000 0.270884 0.046488 0.153174 0.012994 0.127305 0.023584 51.000000 35.000000 33.000000 119.000000 39685.298342 360.471679
533.000000 0.799082 0.204503 100.000000 100.000000 0.183574 0.018449 0.302069 0.056279 0.349120 0.044769 34.000000 59.000000 56.000000 149.000000 40701.836838 383.916459
4.000000 0.965757 0.000000 100.000000 100.000000 0.208628 0.048879 0.433115 0.030092 0.334741 0.064573 39.000000 55.000000 52.000000 146.000000 40863.850727 383.383580
522.000000 0.676129 0.318008 100.000000 100.000000 0.403660 0.070470 0.152302 0.005118 0.213477 0.061249 63.000000 36.000000 41.000000 140.000000 38632.381690 369.463363
787.000000 0.262478 0.757306 100.000000 100.000000 0.440824 0.046614 0.328062 0.058270 0.327516 0.059996 68.000000 53.000000 58.000000 179.000000 39163.535962 357.975069
15.000000 0.629770 0.400000 100.000000 100.000000 0.477171 0.054249 0.209142 0.077577 0.217265 0.085470 71.000000 43.000000 40.000000 154.000000 39333.223567 357.623759
34.000000 0.468768 0.558824 100.000000 100.000000 0.433265 0.059308 0.143352 0.096337 0.455970 0.053418 70.000000 40.000000 67.000000 177.000000 39366.550000 356.298859
711.000000 0.544242 0.457103 100.000000 100.000000 0.355241 0.009156 0.439762 0.060410 0.288213 0.096292 64.000000 75.000000 54.000000 193.000000 40443.665256 366.057362
798.000000 0.221195 0.779449 100.000000 100.000000 0.266222 0.062027 0.372789 0.025131 0.275639 0.092009 52.000000 60.000000 57.000000 169.000000 39010.924144 375.110279
855.000000 0.477254 0.511111 100.000000 100.000000 0.129824 0.021252 0.248099 0.015257 0.435597 0.074635 34.000000 51.000000 65.000000 150.000000 40761.727864 360.858519
76.000000 0.019831 0.986842 100.000000 100.000000 0.368354 0.030503 0.326045 0.054924 0.421522 0.086639 62.000000 57.000000 69.000000 188.000000 40450.299610 361.869094
923.000000 0.702930 0.323944 100.000000 100.000000 0.409176 0.014476 0.440621 0.081762 0.382336 0.005557 66.000000 64.000000 59.000000 189.000000 37574.433478 344.826345
856.000000 0.111330 0.876168 100.000000 100.000000 0.186063 0.014013 0.199364 0.014750 0.314896 0.004049 49.000000 35.000000 56.000000 140.000000 38984.828886 362.191961
89.000000 0.269570 0.808989 100.000000 100.000000 0.468052 0.065941 0.342197 0.061474 0.199027 0.052095 58.000000 62.000000 35.000000 155.000000 39392.336031 362.913548
180.000000 0.573232 0.444444 100.000000 100.000000 0.270160 0.032540 0.431938 0.068315 0.393315 0.019877 59.000000 61.000000 53.000000 173.000000 39096.770850 359.996095
260.000000 0.086098 0.930769 100.000000 100.000000 0.283941 0.005309 0.479267 0.072279 0.263218 0.083827 52.000000 73.000000 51.000000 176.000000 37849.281326 365.513517
421.000000 0.201163 0.760095 100.000000 100.000000 0.196556 0.094199 0.201654 0.005690 0.299226 0.026090 35.000000 44.000000 51.000000 130.000000 39661.887213 361.779073
157.000000 0.823718 0.178344 100.000000 100.000000 0.256434 0.023297 0.344799 0.098578 0.120807 0.084031 54.000000 56.000000 33.000000 143.000000 41600.202820 372.133751
946.000000 0.911385 0.083510 100.000000 100.000000 0.334273 0.065327 0.101500 0.055174 0.107964 0.003026 57.000000 26.000000 27.000000 110.000000 32131.184442 315.220181
483.000000 0.460756 0.563147 100.000000 100.000000 0.485399 0.091977 0.154898 0.048960 0.225405 0.066650 71.000000 30.000000 44.000000 145.000000 37730.690429 351.271007
149.000000 0.073904 0.906040 100.000000 100.000000 0.128079 0.012127 0.218976 0.079756 0.108304 0.009706 35.000000 55.000000 30.000000 120.000000 39202.823673 337.088208
855.000000 0.689840 0.313450 100.000000 100.000000 0.309422 0.015511 0.464279 0.040984 0.207436 0.010998 54.000000 65.000000 42.000000 161.000000 39389.361462 357.736610
876.000000 0.864528 0.138128 100.000000 100.000000 0.282343 0.013272 0.183779 0.062173 0.423622 0.017569 52.000000 41.000000 65.000000 158.000000 35162.040901 353.857051
643.000000 0.777508 0.220840 100.000000 100.000000 0.387260 0.057540 0.220980 0.096579 0.194593 0.028993 69.000000 38.000000 34.000000 141.000000 34922.646336 363.893049
366.000000 0.482480 0.502732 100.000000 100.000000 0.339027 0.004349 0.455329 0.033202 0.449930 0.003167 56.000000 67.000000 71.000000 194.000000 36836.556955 359.397640
337.000000 0.143705 0.851632 100.000000 100.000000 0.468906 0.025486 0.450131 0.051256 0.116221 0.064829 70.000000 67.000000 39.000000 176.000000 36770.352332 356.192251
191.000000 0.367713 0.643979 100.000000 100.000000 0.141042 0.016386 0.371625 0.049877 0.153918 0.001384 30.000000 58.000000 27.000000 115.000000 36359.830940 354.848927
244.000000 0.336434 0.651639 100.000000 100.000000 0.212900 0.044602 0.172786 0.078000 0.320713 0.029242 45.000000 40.000000 54.000000 139.000000 37562.462880 355.412966
108.000000 0.272805 0.694444 100.000000 100.000000 0.378661 0.003566 0.381447 0.065534 0.225252 0.070550 64.000000 61.000000 47.000000 172.000000 36308.599501 358.084781
264.000000 0.220100 0.772727 100.000000 100.000000 0.311521 0.022338 0.320861 0.059501 0.307518 0.003371 52.000000 61.000000 52.000000 165.000000 37229.606886 356.000969
737.000000 0.629446 0.378562 100.000000 100.000000 0.385793 0.011100 0.312190 0.032576 0.138201 0.070761 59.000000 51.000000 33.000000 143.000000 39169.023347 352.061054
443.000000 0.327500 0.652370 100.000000 100.000000 0.344395 0.030267 0.210013 0.085452 0.131093 0.047806 54.000000 51.000000 32.000000 137.000000 38169.206613 346.296373
984.000000 0.917855 0.086382 100.000000 100.000000 0.155492 0.039577 0.180000 0.063292 0.160415 0.039936 34.000000 40.000000 37.000000 111.000000 42099.828263 349.507205
880.000000 0.528690 0.459091 100.000000 100.000000 0.208201 0.069106 0.179147 0.035201 0.376144 0.058206 39.000000 39.000000 69.000000 147.000000 38239.520414 341.414188
408.000000 0.328247 0.693627 100.000000 100.000000 0.230971 0.084587 0.106723 0.010166 0.481081 0.047504 46.000000 30.000000 75.000000 151.000000 40749.277745 333.765274
780.000000 0.262627 0.742308 100.000000 100.000000 0.498139 0.097078 0.147404 0.082813 0.397514 0.079736 69.000000 33.000000 57.000000 159.000000 39668.882382 352.596120
860.000000 0.021846 0.980233 100.000000 100.000000 0.243694 0.018196 0.352293 0.064726 0.348698 0.070946 45.000000 56.000000 70.000000 171.000000 36973.701240 346.448892
683.000000 0.074999 0.919473 100.000000 100.000000 0.482780 0.051816 0.270905 0.045387 0.476425 0.098344 70.000000 60.000000 66.000000 196.000000 38573.504681 346.162951
830.000000 0.638404 0.360241 100.000000 100.000000 0.231045 0.066656 0.133231 0.021040 0.266890 0.027427 49.000000 32.000000 41.000000 122.000000 40905.637768 352.851952
634.000000 0.863458 0.140379 100.000000 100.000000 0.304389 0.014804 0.390118 0.092459 0.394570 0.003160 51.000000 63.000000 57.000000 171.000000 41796.430814 354.864462
440.000000 0.368634 0.613636 100.000000 100.000000 0.461681 0.063391 0.345944 0.094048 0.112972 0.095052 70.000000 60.000000 26.000000 156.000000 40772.743781 347.325297
443.000000 0.622205 0.365688 100.000000 100.000000 0.301250 0.040310 0.478713 0.004828 0.196693 0.058922 48.000000 66.000000 35.000000 149.000000 39860.607311 346.540379
805.000000 0.221045 0.763975 100.000000 100.000000 0.208907 0.011563 0.153447 0.099588 0.205642 0.072270 47.000000 31.000000 45.000000 123.000000 35579.278728 353.339157
592.000000 0.816004 0.189189 100.000000 100.000000 0.423199 0.057894 0.395029 0.001287 0.430237 0.037743 67.000000 60.000000 69.000000 196.000000 37603.772074 355.186655
528.000000 0.008135 0.992424 100.000000 100.000000 0.337931 0.073155 0.440316 0.028861 0.354739 0.022197 69.000000 71.000000 60.000000 200.000000 36788.600831 346.680620
865.000000 0.566439 0.413873 100.000000 100.000000 0.357563 0.015141 0.456486 0.015195 0.261799 0.067258 57.000000 66.000000 45.000000 168.000000 39910.008856 349.869483
880.000000 0.446572 0.590909 100.000000 100.000000 0.430944 0.053323 0.126628 0.042551 0.482383 0.082452 64.000000 30.000000 75.000000 169.000000 39235.203884 348.412795
598.000000 0.853305 0.127090 100.000000 100.000000 0.400614 0.050537 0.414342 0.006654 0.105900 0.086576 65.000000 63.000000 26.000000 154.000000 40000.695724 339.745260
618.000000 0.113794 0.885113 100.000000 100.000000 0.233349 0.054098 0.483637 0.098180 0.452064 0.047575 37.000000 70.000000 65.000000 172.000000 37862.173493 351.652378
227.000000 0.083161 0.947137 100.000000 100.000000 0.487962 0.069611 0.478701 0.018306 0.376988 0.005852 75.000000 65.000000 54.000000 194.000000 37751.465884 349.813776
662.000000 0.157565 0.848943 100.000000 100.000000 0.431984 0.020991 0.181450 0.012664 0.180178 0.034317 67.000000 39.000000 38.000000 144.000000 38304.161851 362.541977
265.000000 0.511121 0.543396 100.000000 100.000000 0.185821 0.042364 0.292285 0.099190 0.136899 0.035813 42.000000 57.000000 41.000000 140.000000 37550.165824 357.654762
933.000000 0.415292 0.575563 100.000000 100.000000 0.102801 0.081540 0.327789 0.070675 0.249179 0.011310 30.000000 56.000000 51.000000 137.000000 41474.696204 351.103764
40.000000 0.975910 0.000000 100.000000 100.000000 0.112403 0.013146 0.408890 0.016897 0.223411 0.080157 26.000000 64.000000 52.000000 142.000000 39345.285076 351.775126
309.000000 0.308538 0.705502 100.000000 100.000000 0.252683 0.060908 0.232539 0.035726 0.183732 0.095295 53.000000 43.000000 40.000000 136.000000 39724.825138 350.129560
387.000000 0.116108 0.917313 100.000000 100.000000 0.223319 0.043719 0.148568 0.058067 0.119235 0.071361 42.000000 35.000000 30.000000 107.000000 40549.249982 363.140639
462.000000 0.330735 0.688312 100.000000 100.000000 0.255004 0.066892 0.249263 0.089511 0.157319 0.066261 51.000000 50.000000 33.000000 134.000000 41176.690808 355.581935
307.000000 0.722812 0.283388 100.000000 100.000000 0.421527 0.030840 0.392414 0.076661 0.288752 0.051737 65.000000 53.000000 50.000000 168.000000 46839.725096 356.566358
325.000000 0.315456 0.646154 100.000000 100.000000 0.245848 0.087550 0.169065 0.018472 0.446176 0.092424 47.000000 35.000000 71.000000 153.000000 41522.532733 356.648575
935.000000 0.542078 0.451337 100.000000 100.000000 0.422586 0.069999 0.194173 0.026065 0.291039 0.092245 76.000000 45.000000 54.000000 175.000000 40089.482665 355.277299
796.000000 0.553350 0.442211 100.000000 100.000000 0.257809 0.016176 0.480145 0.073416 0.486899 0.072698 49.000000 73.000000 73.000000 195.000000 43742.517067 346.923619
90.000000 0.937414 0.066667 100.000000 100.000000 0.476465 0.012792 0.234842 0.013189 0.387767 0.071406 63.000000 35.000000 57.000000 155.000000 42382.960928 346.938388
16.000000 0.428083 0.750000 100.000000 100.000000 0.487925 0.078576 0.265447 0.062369 0.284084 0.065391 76.000000 44.000000 39.000000 159.000000 42569.777185 349.764609
960.000000 0.664732 0.348958 100.000000 100.000000 0.487869 0.016050 0.305256 0.028140 0.286688 0.036286 74.000000 56.000000 56.000000 186.000000 40432.670306 377.547340
959.000000 0.336260 0.646507 100.000000 100.000000 0.178838 0.051918 0.495177 0.057542 0.311647 0.034272 35.000000 71.000000 59.000000 165.000000 41919.434023 344.854781
285.000000 0.383888 0.589474 100.000000 100.000000 0.494091 0.001512 0.167875 0.070172 0.285046 0.093659 69.000000 34.000000 49.000000 152.000000 40563.608687 347.279908
225.000000 0.415317 0.582222 100.000000 100.000000 0.479548 0.023760 0.186056 0.066591 0.188248 0.085540 72.000000 45.000000 40.000000 157.000000 42049.316613 349.701845
831.000000 0.600954 0.393502 100.000000 100.000000 0.196315 0.023550 0.294575 0.090131 0.121229 0.057854 40.000000 56.000000 35.000000 131.000000 38725.934176 367.507500
275.000000 0.507289 0.549091 100.000000 100.000000 0.445950 0.001883 0.175668 0.095960 0.230683 0.037399 62.000000 47.000000 49.000000 158.000000 41405.565375 351.110477
985.000000 0.585700 0.405076 100.000000 100.000000 0.163905 0.085428 0.472644 0.015007 0.349156 0.059248 33.000000 65.000000 55.000000 153.000000 38048.571043 363.250795
815.000000 0.015526 0.984049 100.000000 100.000000 0.479790 0.094410 0.493135 0.081151 0.366245 0.053776 66.000000 74.000000 58.000000 198.000000 39653.093412 358.390931
258.000000 0.336135 0.717054 100.000000 100.000000 0.498269 0.042675 0.134102 0.028915 0.180718 0.088762 71.000000 29.000000 48.000000 148.000000 41193.489470 356.769296
611.000000 0.644103 0.358429 100.000000 100.000000 0.188941 0.044366 0.456754 0.009529 0.430284 0.089408 38.000000 66.000000 70.000000 174.000000 42897.365172 360.455877
648.000000 0.404218 0.617284 100.000000 100.000000 0.278387 0.070268 0.377694 0.039698 0.401454 0.001057 50.000000 58.000000 56.000000 164.000000 39546.840377 354.373583
199.000000 0.330113 0.683417 100.000000 100.000000 0.448996 0.021816 0.313628 0.094425 0.338260 0.012072 65.000000 62.000000 47.000000 174.000000 39384.826567 350.392099
671.000000 0.071615 0.937407 100.000000 100.000000 0.114855 0.063727 0.412313 0.016785 0.380202 0.060150 31.000000 66.000000 61.000000 158.000000 40043.356700 361.974002
13.000000 0.092393 0.923077 100.000000 100.000000 0.471098 0.085874 0.480157 0.059939 0.306603 0.026768 78.000000 68.000000 48.000000 194.000000 40036.358662 360.206172
208.000000 0.878239 0.096154 100.000000 100.000000 0.188106 0.057314 0.495756 0.098038 0.417582 0.066317 43.000000 81.000000 62.000000 186.000000 39951.042307 357.668055
395.000000 0.903372 0.093671 100.000000 100.000000 0.386406 0.097996 0.113046 0.007798 0.277399 0.016259 60.000000 32.000000 55.000000 147.000000 38070.232821 350.034273
763.000000 0.009355 0.993447 100.000000 100.000000 0.373201 0.023087 0.453318 0.023118 0.453789 0.056346 63.000000 70.000000 63.000000 196.000000 40775.011250 364.608780
305.000000 0.726495 0.242623 100.000000 100.000000 0.104083 0.020857 0.289690 0.055348 0.124971 0.030411 35.000000 54.000000 32.000000 121.000000 41981.127479 344.878972
579.000000 0.603716 0.419689 100.000000 100.000000 0.358231 0.065563 0.217532 0.024646 0.398393 0.041860 64.000000 54.000000 66.000000 184.000000 40608.760568 371.965263
769.000000 0.341361 0.646294 100.000000 100.000000 0.307472 0.025772 0.341332 0.046860 0.195051 0.017294 51.000000 53.000000 38.000000 142.000000 41396.519536 348.401808
885.000000 0.991164 0.014689 100.000000 100.000000 0.144813 0.050268 0.230821 0.092020 0.395484 0.078764 38.000000 49.000000 56.000000 143.000000 29617.698335 284.075873
887.000000 0.610659 0.391206 100.000000 100.000000 0.328144 0.034426 0.412325 0.003308 0.199906 0.014220 56.000000 72.000000 52.000000 180.000000 40468.006668 363.107716
475.000000 0.837728 0.178947 100.000000 100.000000 0.276827 0.069266 0.295460 0.084529 0.254762 0.073260 53.000000 66.000000 55.000000 174.000000 42046.395231 352.477428
755.000000 0.046955 0.948344 100.000000 100.000000 0.465247 0.017658 0.111316 0.077570 0.269446 0.045658 63.000000 28.000000 61.000000 152.000000 37978.227331 365.086243
130.000000 0.611729 0.361538 100.000000 100.000000 0.306098 0.032894 0.205986 0.072022 0.228959 0.028628 57.000000 44.000000 40.000000 141.000000 37907.458570 363.672892
799.000000 0.889039 0.100125 100.000000 100.000000 0.274636 0.008878 0.265434 0.075846 0.464380 0.012321 50.000000 55.000000 69.000000 174.000000 40289.182377 318.052122
502.000000 0.381872 0.677291 100.000000 100.000000 0.218751 0.013819 0.141628 0.060370 0.357870 0.010352 44.000000 38.000000 62.000000 144.000000 35196.565725 346.542961
767.000000 0.968221 0.036506 100.000000 100.000000 0.255914 0.088964 0.317388 0.014522 0.471910 0.009099 42.000000 47.000000 62.000000 151.000000 37422.937948 368.302385
259.000000 0.921861 0.073359 100.000000 100.000000 0.329425 0.072743 0.374227 0.086980 0.475698 0.033320 55.000000 66.000000 62.000000 183.000000 35922.704969 381.812485
331.000000 0.434876 0.543807 100.000000 100.000000 0.400521 0.095975 0.240898 0.016488 0.415599 0.018010 68.000000 40.000000 66.000000 174.000000 37013.507220 378.752009
430.000000 0.738389 0.227907 100.000000 100.000000 0.145314 0.012110 0.111296 0.097785 0.139890 0.065053 38.000000 35.000000 35.000000 108.000000 39356.280485 362.021715
370.000000 0.403895 0.572973 100.000000 100.000000 0.187010 0.027119 0.480743 0.093697 0.322390 0.085348 41.000000 70.000000 51.000000 162.000000 39423.825436 356.279750
570.000000 0.018139 0.982456 100.000000 100.000000 0.184391 0.085959 0.196750 0.090123 0.173411 0.018042 32.000000 38.000000 34.000000 104.000000 38179.645280 356.747176
529.000000 0.052803 0.948960 100.000000 100.000000 0.480458 0.045832 0.254180 0.090601 0.102838 0.028379 67.000000 52.000000 28.000000 147.000000 36885.165902 348.494404
695.000000 0.537325 0.447482 100.000000 100.000000 0.362076 0.081514 0.103237 0.077664 0.425768 0.099162 63.000000 23.000000 69.000000 155.000000 39556.028660 343.200859
490.000000 0.378488 0.614286 100.000000 100.000000 0.250826 0.025730 0.283036 0.031768 0.261647 0.071157 47.000000 46.000000 51.000000 144.000000 37268.890334 362.800265
347.000000 0.397126 0.596542 100.000000 100.000000 0.251160 0.050941 0.363559 0.036494 0.129944 0.008958 52.000000 59.000000 29.000000 140.000000 38312.992283 374.298060
383.000000 0.194693 0.819843 100.000000 100.000000 0.375337 0.020949 0.123154 0.096572 0.246775 0.088180 66.000000 30.000000 44.000000 140.000000 38210.478357 366.068132
903.000000 0.278204 0.694352 100.000000 100.000000 0.221926 0.078349 0.266286 0.004937 0.248651 0.093052 48.000000 51.000000 51.000000 150.000000 37043.303534 352.328185
896.000000 0.114117 0.914062 100.000000 100.000000 0.324726 0.097247 0.380588 0.044181 0.131128 0.062284 59.000000 58.000000 28.000000 145.000000 41888.145004 362.718953
154.000000 0.782733 0.220779 100.000000 100.000000 0.196463 0.040638 0.428210 0.015525 0.208926 0.056525 42.000000 64.000000 47.000000 153.000000 39592.635632 370.571839
753.000000 0.214874 0.751660 100.000000 100.000000 0.102318 0.039241 0.113631 0.041556 0.293186 0.074839 30.000000 28.000000 48.000000 106.000000 37087.051051 367.263010
918.000000 0.617278 0.392157 100.000000 100.000000 0.206678 0.059140 0.310167 0.035969 0.322355 0.070869 45.000000 63.000000 55.000000 163.000000 42346.304177 354.803577
552.000000 0.884435 0.117754 100.000000 100.000000 0.271441 0.070857 0.393839 0.052987 0.269106 0.038978 53.000000 70.000000 46.000000 169.000000 32983.841873 329.038009
216.000000 0.960208 0.041667 100.000000 100.000000 0.308048 0.022633 0.328934 0.066145 0.241344 0.022331 51.000000 53.000000 48.000000 152.000000 37801.601488 323.147068
264.000000 0.089631 0.920455 100.000000 100.000000 0.309181 0.043862 0.157200 0.026424 0.429439 0.042762 57.000000 38.000000 64.000000 159.000000 36154.461798 315.709828
629.000000 0.236747 0.758347 100.000000 100.000000 0.413262 0.002077 0.233404 0.050340 0.187708 0.031095 60.000000 51.000000 43.000000 154.000000 39143.505799 344.499513
324.000000 0.636712 0.364198 100.000000 100.000000 0.447083 0.023112 0.403935 0.056239 0.418778 0.057829 60.000000 60.000000 74.000000 194.000000 38626.921024 339.296266
518.000000 0.470908 0.515444 100.000000 100.000000 0.389174 0.056244 0.130673 0.035766 0.114075 0.082235 58.000000 36.000000 21.000000 115.000000 38623.426108 332.695736
609.000000 0.812022 0.206897 100.000000 100.000000 0.226012 0.065949 0.459069 0.072515 0.454023 0.019589 53.000000 70.000000 67.000000 190.000000 43406.515143 339.785355
925.000000 0.158187 0.859459 100.000000 100.000000 0.237992 0.066067 0.117085 0.007751 0.399238 0.088506 52.000000 40.000000 73.000000 165.000000 39512.545564 364.386669
220.000000 0.247547 0.745455 100.000000 100.000000 0.499792 0.052641 0.403082 0.028147 0.234506 0.076099 72.000000 64.000000 43.000000 179.000000 38086.864084 363.717146
612.000000 0.065593 0.931373 100.000000 100.000000 0.465582 0.042868 0.191838 0.082295 0.137743 0.082459 71.000000 36.000000 37.000000 144.000000 38110.337642 353.487673
858.000000 0.025529 0.982517 100.000000 100.000000 0.326249 0.008213 0.249568 0.043413 0.184917 0.049621 55.000000 52.000000 49.000000 156.000000 39724.891223 350.819726
109.000000 0.022767 0.990826 100.000000 100.000000 0.164332 0.065200 0.326612 0.009898 0.307753 0.065615 43.000000 52.000000 60.000000 155.000000 39320.158600 344.895062
893.000000 0.942665 0.053751 100.000000 100.000000 0.262415 0.037111 0.300339 0.027050 0.341168 0.074168 57.000000 59.000000 56.000000 172.000000 40220.435897 385.794316
997.000000 0.048025 0.948847 100.000000 100.000000 0.443201 0.016126 0.304976 0.047284 0.298499 0.060066 61.000000 56.000000 50.000000 167.000000 40761.213368 354.284835
387.000000 0.399913 0.602067 100.000000 100.000000 0.389823 0.035174 0.144783 0.065925 0.346176 0.067194 60.000000 30.000000 51.000000 141.000000 36906.491707 352.188990
90.000000 0.396355 0.600000 100.000000 100.000000 0.387836 0.054401 0.208582 0.016864 0.240887 0.034030 62.000000 42.000000 40.000000 144.000000 36947.198660 360.136235
973.000000 0.712784 0.272354 100.000000 100.000000 0.198321 0.075815 0.377713 0.019482 0.131011 0.080662 37.000000 57.000000 31.000000 125.000000 41124.301814 336.797827
748.000000 0.752399 0.240642 100.000000 100.000000 0.165707 0.058079 0.461957 0.083736 0.273845 0.054281 37.000000 67.000000 60.000000 164.000000 38931.546921 342.544941
310.000000 0.976383 0.025806 100.000000 100.000000 0.261096 0.007759 0.125183 0.086441 0.372473 0.015606 46.000000 29.000000 60.000000 135.000000 45065.409079 348.476475
787.000000 0.803537 0.231258 100.000000 100.000000 0.129453 0.005006 0.354322 0.054595 0.474396 0.097373 28.000000 53.000000 69.000000 150.000000 34449.209600 373.308934
168.000000 0.077139 0.928571 100.000000 100.000000 0.438688 0.048753 0.258226 0.083816 0.134530 0.028161 60.000000 42.000000 29.000000 131.000000 34648.923936 370.023243
833.000000 0.690288 0.296519 100.000000 100.000000 0.481368 0.067903 0.322305 0.015611 0.417429 0.070217 78.000000 52.000000 73.000000 203.000000 39278.187808 366.614358
493.000000 0.878413 0.146045 100.000000 100.000000 0.222168 0.049998 0.173365 0.019497 0.426648 0.061287 46.000000 36.000000 68.000000 150.000000 42303.437065 352.852245
842.000000 0.440102 0.573634 100.000000 100.000000 0.209724 0.079073 0.448128 0.034433 0.429932 0.045542 42.000000 71.000000 67.000000 180.000000 38578.451994 351.053816
380.000000 0.776886 0.231579 100.000000 100.000000 0.181252 0.012464 0.285345 0.002493 0.375534 0.073804 37.000000 49.000000 62.000000 148.000000 39107.718535 352.350560
949.000000 0.247074 0.756586 100.000000 100.000000 0.351099 0.058029 0.286789 0.057604 0.485445 0.041649 61.000000 53.000000 69.000000 183.000000 39342.580781 352.365725
12.000000 0.928157 0.083333 100.000000 100.000000 0.116582 0.054308 0.375118 0.074640 0.119083 0.075261 24.000000 57.000000 32.000000 113.000000 39685.971056 355.578472
600.000000 0.897973 0.076667 100.000000 100.000000 0.143141 0.023213 0.228207 0.068394 0.254000 0.092757 25.000000 44.000000 52.000000 121.000000 36983.246251 329.242008
617.000000 0.774422 0.262561 100.000000 100.000000 0.133966 0.071379 0.401072 0.018063 0.238365 0.030277 43.000000 60.000000 40.000000 143.000000 40124.634738 354.642365
7.000000 0.301446 0.571429 100.000000 100.000000 0.225455 0.041581 0.218404 0.032521 0.312222 0.004196 47.000000 40.000000 46.000000 133.000000 40268.023340 352.246189
743.000000 0.797216 0.207268 100.000000 100.000000 0.365549 0.081219 0.495164 0.071019 0.491942 0.080202 66.000000 73.000000 80.000000 219.000000 36222.290816 337.152005
755.000000 0.423778 0.576159 100.000000 100.000000 0.199361 0.043483 0.432536 0.088595 0.228806 0.032527 39.000000 65.000000 50.000000 154.000000 40429.768978 365.779313
791.000000 0.598167 0.389381 100.000000 100.000000 0.457651 0.039316 0.113351 0.060699 0.304997 0.098619 70.000000 24.000000 54.000000 148.000000 39797.615015 348.719604
856.000000 0.357685 0.633178 100.000000 100.000000 0.317836 0.061362 0.356924 0.091698 0.396176 0.030309 53.000000 64.000000 65.000000 182.000000 40997.407177 338.691352
37.000000 0.886576 0.108108 100.000000 100.000000 0.227350 0.067793 0.381161 0.091416 0.327211 0.067795 38.000000 64.000000 56.000000 158.000000 41037.572510 344.955581
876.000000 0.946646 0.049087 100.000000 100.000000 0.459601 0.029055 0.236299 0.054823 0.317382 0.092322 70.000000 51.000000 60.000000 181.000000 41370.962683 278.237487
53.000000 0.177299 0.849057 100.000000 100.000000 0.387019 0.085891 0.313901 0.082020 0.416596 0.060757 67.000000 64.000000 69.000000 200.000000 42152.378526 275.314620
616.000000 0.270814 0.715909 100.000000 100.000000 0.480068 0.057094 0.213467 0.051647 0.237145 0.061473 75.000000 38.000000 45.000000 158.000000 36403.089187 350.295551
792.000000 0.889188 0.092172 100.000000 100.000000 0.331951 0.059342 0.484776 0.001389 0.134377 0.032061 48.000000 71.000000 29.000000 148.000000 31926.364979 379.285696
517.000000 0.426241 0.555126 100.000000 100.000000 0.246647 0.083568 0.316809 0.073025 0.365975 0.076054 52.000000 50.000000 57.000000 159.000000 38472.674376 360.728743
146.000000 0.618646 0.363014 100.000000 100.000000 0.299263 0.059536 0.142512 0.054768 0.491403 0.025757 62.000000 40.000000 73.000000 175.000000 37060.401017 355.704384
441.000000 0.413301 0.603175 100.000000 100.000000 0.204208 0.036067 0.159809 0.056789 0.261072 0.002233 46.000000 46.000000 53.000000 145.000000 38403.191686 351.971240
374.000000 0.444879 0.540107 100.000000 100.000000 0.246981 0.009779 0.397332 0.077750 0.234272 0.013855 48.000000 70.000000 47.000000 165.000000 38310.431399 360.156133
457.000000 0.704024 0.291028 100.000000 100.000000 0.363877 0.054165 0.492549 0.047393 0.350458 0.094196 64.000000 71.000000 64.000000 199.000000 36938.769880 350.509703
755.000000 0.423778 0.576159 100.000000 100.000000 0.199361 0.043483 0.432536 0.088595 0.228806 0.032527 39.000000 65.000000 50.000000 154.000000 38581.725875 372.401399
247.000000 0.048946 0.971660 100.000000 100.000000 0.363840 0.063130 0.279295 0.091456 0.257553 0.054735 49.000000 54.000000 49.000000 152.000000 39828.860328 367.914360
438.000000 0.159730 0.851598 100.000000 100.000000 0.364639 0.059148 0.427039 0.047009 0.177352 0.038364 63.000000 68.000000 41.000000 172.000000 36846.209468 371.063982
588.000000 0.517765 0.477891 100.000000 100.000000 0.441103 0.009299 0.448395 0.028767 0.198417 0.067693 63.000000 64.000000 45.000000 172.000000 37645.716756 358.804380
555.000000 0.055888 0.945946 100.000000 100.000000 0.333753 0.031993 0.474089 0.070118 0.459066 0.027094 52.000000 74.000000 63.000000 189.000000 38231.192637 367.789840
32.000000 0.259865 0.562500 100.000000 100.000000 0.336223 0.055066 0.224447 0.049297 0.120350 0.095730 58.000000 47.000000 34.000000 139.000000 38129.170206 366.002806
667.000000 0.030631 0.971514 100.000000 100.000000 0.454884 0.081068 0.495724 0.032732 0.468321 0.032643 70.000000 76.000000 67.000000 213.000000 38265.148759 364.518392
561.000000 0.186207 0.770053 100.000000 100.000000 0.278778 0.059005 0.418407 0.078652 0.267148 0.066963 54.000000 69.000000 50.000000 173.000000 37969.139255 374.412876
21.000000 0.054793 0.952381 100.000000 100.000000 0.379051 0.091304 0.422160 0.005487 0.490945 0.037456 73.000000 63.000000 68.000000 204.000000 37928.478114 372.410822
896.000000 0.737295 0.252232 100.000000 100.000000 0.190613 0.071421 0.459368 0.033155 0.171769 0.075415 40.000000 71.000000 35.000000 146.000000 39817.662321 369.623041
639.000000 0.031228 0.967136 100.000000 100.000000 0.284145 0.084923 0.173091 0.031902 0.348311 0.012602 59.000000 34.000000 58.000000 151.000000 40391.268831 354.389670
674.000000 0.243068 0.770030 100.000000 100.000000 0.177166 0.024863 0.492562 0.033915 0.170162 0.048266 34.000000 77.000000 37.000000 148.000000 40447.782393 355.355355
779.000000 0.382196 0.627728 100.000000 100.000000 0.310128 0.056968 0.438579 0.006371 0.436934 0.025061 53.000000 56.000000 68.000000 177.000000 41827.028837 351.542345
727.000000 0.047552 0.955983 100.000000 100.000000 0.294509 0.021513 0.188683 0.076740 0.149437 0.025617 53.000000 44.000000 30.000000 127.000000 41208.542372 350.032679
683.000000 0.157117 0.872621 100.000000 100.000000 0.260037 0.067599 0.323424 0.038036 0.370185 0.074098 50.000000 53.000000 69.000000 172.000000 38300.440094 364.151381
525.000000 0.847582 0.142857 100.000000 100.000000 0.465972 0.031606 0.232552 0.022249 0.403437 0.049365 72.000000 43.000000 68.000000 183.000000 43584.990396 365.278981
171.000000 0.494947 0.444444 100.000000 100.000000 0.232773 0.057238 0.496035 0.078895 0.405771 0.042538 44.000000 73.000000 73.000000 190.000000 43880.676016 360.259309
437.000000 0.868709 0.118993 100.000000 100.000000 0.490339 0.039123 0.455615 0.007320 0.347971 0.005922 68.000000 64.000000 57.000000 189.000000 39924.045811 350.659530
432.000000 0.406234 0.587963 100.000000 100.000000 0.153727 0.057961 0.403941 0.049500 0.328630 0.084364 41.000000 59.000000 63.000000 163.000000 39983.404256 358.388951
56.000000 0.807692 0.142857 100.000000 100.000000 0.360702 0.088635 0.367891 0.003825 0.459676 0.011496 54.000000 71.000000 65.000000 190.000000 39875.223475 355.572917
287.000000 0.428555 0.564460 100.000000 100.000000 0.236617 0.073189 0.381740 0.032912 0.433146 0.099840 43.000000 63.000000 65.000000 171.000000 38560.143616 354.732425
97.000000 0.396206 0.577320 100.000000 100.000000 0.330521 0.003937 0.389240 0.091322 0.170889 0.014290 54.000000 60.000000 35.000000 149.000000 38217.313333 358.131025
930.000000 0.702780 0.311828 100.000000 100.000000 0.351861 0.063012 0.221279 0.057220 0.312339 0.084818 53.000000 46.000000 58.000000 157.000000 39366.385264 322.437663
598.000000 0.065892 0.923077 100.000000 100.000000 0.180212 0.044796 0.230522 0.032380 0.277739 0.022938 41.000000 47.000000 45.000000 133.000000 42510.526149 338.170170
912.000000 0.945900 0.057018 100.000000 100.000000 0.173024 0.073736 0.339589 0.031109 0.367394 0.092623 38.000000 55.000000 61.000000 154.000000 51719.257289 331.550505
407.000000 0.201461 0.808354 100.000000 100.000000 0.311187 0.096127 0.240338 0.054776 0.439221 0.065570 47.000000 49.000000 63.000000 159.000000 45547.586478 360.073214
69.000000 0.478921 0.536232 100.000000 100.000000 0.337040 0.023576 0.119127 0.083142 0.344640 0.069002 56.000000 34.000000 64.000000 154.000000 45166.413504 362.602038
