132.000000 0.984868 0.022727 100.000000 100.000000 0.357656 0.541930 0.229931 0.222024 0.352100 0.380926 86.000000 56.000000 68.000000 210.000000 22574.232244 505.482972
961.000000 0.627281 0.371488 100.000000 100.000000 0.453138 0.558300 0.466601 0.686015 0.141028 0.531889 100.000000 100.000000 57.000000 257.000000 40589.885363 339.060477
485.000000 0.751777 0.245361 100.000000 100.000000 0.359699 0.260619 0.126322 0.642675 0.454785 0.695415 68.000000 68.000000 100.000000 236.000000 33930.704768 369.460010
756.000000 0.632681 0.343915 100.000000 100.000000 0.296403 0.435988 0.351440 0.379973 0.164427 0.645533 75.000000 77.000000 67.000000 219.000000 35426.625640 332.291239
619.000000 0.606503 0.399031 100.000000 100.000000 0.496895 0.446445 0.398756 0.468065 0.214626 0.200485 94.000000 85.000000 45.000000 224.000000 38320.844450 338.520846
181.000000 0.371545 0.613260 100.000000 100.000000 0.280913 0.482158 0.488243 0.463163 0.460134 0.693928 73.000000 96.000000 100.000000 269.000000 38949.006916 344.073234
415.000000 0.951275 0.043373 100.000000 100.000000 0.439543 0.236855 0.366161 0.566653 0.451724 0.401490 79.000000 87.000000 88.000000 254.000000 29195.257838 360.842156
536.000000 0.429476 0.555970 100.000000 100.000000 0.157256 0.301986 0.356059 0.584264 0.392200 0.672265 46.000000 91.000000 100.000000 237.000000 39361.306643 338.064646
614.000000 0.438733 0.571661 100.000000 100.000000 0.117139 0.592308 0.215783 0.273906 0.260884 0.652799 45.000000 54.000000 92.000000 191.000000 39604.213579 338.230447
448.000000 0.248916 0.756696 100.000000 100.000000 0.192377 0.462814 0.235427 0.432056 0.403554 0.351448 52.000000 71.000000 84.000000 207.000000 36747.532353 343.318034
594.000000 0.648085 0.294613 100.000000 100.000000 0.386128 0.378340 0.392713 0.383338 0.406498 0.238191 73.000000 81.000000 70.000000 224.000000 37424.056898 343.219344
207.000000 0.374631 0.666667 100.000000 100.000000 0.134208 0.412265 0.308151 0.359711 0.416362 0.687439 50.000000 66.000000 100.000000 216.000000 35332.762414 348.855189
465.000000 0.337952 0.662366 100.000000 100.000000 0.362800 0.677083 0.224473 0.307792 0.159758 0.214492 100.000000 58.000000 37.000000 195.000000 38975.762145 344.684166
671.000000 0.366320 0.611028 100.000000 100.000000 0.471710 0.567523 0.281013 0.372531 0.445801 0.554878 100.000000 65.000000 100.000000 265.000000 35347.310620 346.980095
277.000000 0.257252 0.747292 100.000000 100.000000 0.231621 0.515741 0.120832 0.398609 0.313183 0.358908 67.000000 46.000000 66.000000 179.000000 37261.556965 352.922629
235.000000 0.504502 0.485106 100.000000 100.000000 0.307287 0.284088 0.394443 0.530955 0.414450 0.589712 65.000000 95.000000 100.000000 260.000000 36030.407140 360.993069
226.000000 0.459984 0.557522 100.000000 100.000000 0.222075 0.676953 0.399921 0.343088 0.336348 0.658190 81.000000 81.000000 100.000000 262.000000 37058.470164 340.238046
395.000000 0.821254 0.202532 100.000000 100.000000 0.209148 0.610165 0.460526 0.271455 0.383638 0.399521 73.000000 88.000000 75.000000 236.000000 34480.977400 365.838618
60.000000 0.095031 0.983333 100.000000 100.000000 0.152446 0.294161 0.442040 0.522361 0.452838 0.524564 47.000000 96.000000 99.000000 242.000000 35287.662984 366.198920
707.000000 0.081768 0.903819 100.000000 100.000000 0.418630 0.336336 0.388088 0.213081 0.268872 0.577445 71.000000 63.000000 81.000000 215.000000 36638.453757 352.232060
963.000000 0.000421 1.000000 100.000000 100.000000 0.104696 0.239151 0.490546 0.349342 0.264169 0.573279 40.000000 91.000000 81.000000 212.000000 38375.537672 353.578851
824.000000 0.306398 0.692961 100.000000 100.000000 0.296774 0.518037 0.245217 0.681298 0.125628 0.530697 79.000000 91.000000 45.000000 215.000000 40104.222043 351.054414
459.000000 0.748692 0.291939 100.000000 100.000000 0.106404 0.330512 0.306414 0.246127 0.498557 0.201904 34.000000 62.000000 78.000000 174.000000 40917.370659 363.699139
407.000000 0.447816 0.550369 100.000000 100.000000 0.442960 0.419577 0.397898 0.360223 0.120502 0.658739 81.000000 79.000000 68.000000 228.000000 39552.438424 348.190709
409.000000 0.197778 0.779951 100.000000 100.000000 0.228631 0.230860 0.343062 0.579235 0.203003 0.633815 47.000000 92.000000 78.000000 217.000000 39151.875311 353.789042
931.000000 0.206388 0.770140 100.000000 100.000000 0.405759 0.585338 0.408884 0.314321 0.313559 0.465768 100.000000 79.000000 77.000000 256.000000 37508.525117 354.425560
177.000000 0.450130 0.638418 100.000000 100.000000 0.432931 0.367158 0.462829 0.657634 0.187673 0.278872 84.000000 100.000000 50.000000 234.000000 37261.331345 363.897341
896.000000 0.737295 0.248884 100.000000 100.000000 0.190613 0.555662 0.459368 0.362400 0.171769 0.575831 68.000000 87.000000 58.000000 213.000000 36851.490237 385.827086
186.000000 0.080374 0.930108 100.000000 100.000000 0.349298 0.626151 0.297476 0.638760 0.160755 0.430385 93.000000 88.000000 60.000000 241.000000 37137.461053 383.303831
173.000000 0.409146 0.572254 100.000000 100.000000 0.372960 0.454736 0.146240 0.238172 0.275792 0.639949 85.000000 44.000000 82.000000 211.000000 37441.384414 374.812329
574.000000 0.977005 0.034843 100.000000 100.000000 0.467105 0.461793 0.460819 0.606703 0.191532 0.547451 93.000000 100.000000 73.000000 266.000000 52320.116515 334.145674
593.000000 0.898122 0.099494 100.000000 100.000000 0.200456 0.567057 0.447549 0.664326 0.323997 0.263115 65.000000 100.000000 65.000000 230.000000 44264.706794 326.625091
658.000000 0.198699 0.790274 100.000000 100.000000 0.149270 0.468255 0.317381 0.302325 0.162057 0.606889 52.000000 63.000000 69.000000 184.000000 42076.685056 357.898100
728.000000 0.999202 0.000000 100.000000 100.000000 0.469426 0.492019 0.477543 0.378347 0.165119 0.400814 94.000000 87.000000 46.000000 227.000000 24961.672078 159.253476
974.000000 0.921687 0.074949 100.000000 100.000000 0.295363 0.599283 0.296618 0.530918 0.466632 0.388639 85.000000 84.000000 89.000000 258.000000 38766.286572 334.916178
333.000000 0.102720 0.897898 100.000000 100.000000 0.408935 0.411244 0.133542 0.534357 0.204340 0.383443 80.000000 49.000000 54.000000 183.000000 39377.611290 343.755428
387.000000 0.033990 0.976744 100.000000 100.000000 0.446062 0.336040 0.496048 0.525340 0.225475 0.677816 86.000000 100.000000 85.000000 271.000000 39266.081604 344.100666
166.000000 0.409295 0.650602 100.000000 100.000000 0.430275 0.209604 0.365582 0.362125 0.345789 0.239645 70.000000 76.000000 69.000000 215.000000 38726.592151 338.536136
817.000000 0.224429 0.767442 100.000000 100.000000 0.176832 0.693193 0.412039 0.342375 0.301865 0.252850 64.000000 79.000000 66.000000 209.000000 34837.870654 374.460281
361.000000 0.489845 0.493075 100.000000 100.000000 0.104139 0.616077 0.249880 0.647355 0.122367 0.495533 49.000000 79.000000 43.000000 171.000000 35201.293403 364.366029
64.000000 0.311151 0.671875 100.000000 100.000000 0.357284 0.459881 0.336154 0.420699 0.390899 0.495762 75.000000 76.000000 91.000000 242.000000 35207.282297 362.456051
206.000000 0.706787 0.320388 100.000000 100.000000 0.125794 0.680694 0.415506 0.603576 0.227621 0.589907 60.000000 100.000000 80.000000 240.000000 37298.332388 352.918246
700.000000 0.246153 0.755714 100.000000 100.000000 0.430461 0.250628 0.312470 0.262787 0.126390 0.432227 76.000000 60.000000 41.000000 177.000000 37882.212721 352.487723
229.000000 0.915242 0.078603 100.000000 100.000000 0.450890 0.437516 0.476385 0.469291 0.353249 0.577124 82.000000 95.000000 86.000000 263.000000 38919.458784 374.947823
887.000000 0.200068 0.780158 100.000000 100.000000 0.241855 0.470255 0.149726 0.397273 0.331105 0.379050 69.000000 49.000000 71.000000 189.000000 36578.293053 366.206054
440.000000 0.286516 0.690909 100.000000 100.000000 0.284423 0.435392 0.293424 0.207065 0.219212 0.297468 64.000000 59.000000 51.000000 174.000000 37162.469301 349.950205
68.000000 0.598490 0.470588 100.000000 100.000000 0.149029 0.611439 0.410302 0.228791 0.384061 0.267315 67.000000 66.000000 79.000000 212.000000 37460.038593 343.900634
281.000000 0.719726 0.263345 100.000000 100.000000 0.168233 0.420598 0.172506 0.685577 0.332524 0.462735 57.000000 79.000000 79.000000 215.000000 35389.116681 369.035497
671.000000 0.623574 0.374069 100.000000 100.000000 0.393835 0.400534 0.311058 0.314284 0.365740 0.264695 79.000000 68.000000 70.000000 217.000000 39376.677818 353.828937
720.000000 0.752997 0.254167 100.000000 100.000000 0.394968 0.507751 0.139325 0.613670 0.153835 0.367880 89.000000 59.000000 37.000000 185.000000 39047.554687 354.325272
817.000000 0.765489 0.204406 100.000000 100.000000 0.265461 0.483049 0.438299 0.323813 0.448745 0.441622 65.000000 83.000000 87.000000 235.000000 36228.580809 339.676324
987.000000 0.794603 0.203647 100.000000 100.000000 0.260948 0.647831 0.391549 0.508316 0.284776 0.280486 87.000000 92.000000 62.000000 241.000000 38528.720418 358.958099
850.000000 0.943561 0.052941 100.000000 100.000000 0.206307 0.411586 0.416390 0.575284 0.361154 0.667711 49.000000 98.000000 100.000000 247.000000 28548.306044 292.933085
975.000000 0.250160 0.728205 100.000000 100.000000 0.204394 0.418131 0.106697 0.382424 0.441673 0.398812 58.000000 36.000000 86.000000 180.000000 41321.872648 355.941574
922.000000 0.576144 0.442516 100.000000 100.000000 0.489392 0.326345 0.174236 0.333194 0.340476 0.314256 83.000000 48.000000 74.000000 205.000000 35880.323279 362.251272
879.000000 0.189318 0.803185 100.000000 100.000000 0.108819 0.631250 0.496582 0.468102 0.162444 0.401558 51.000000 97.000000 54.000000 202.000000 38527.946893 357.593940
185.000000 0.871471 0.129730 100.000000 100.000000 0.252256 0.604724 0.378572 0.401187 0.225135 0.644080 87.000000 83.000000 81.000000 251.000000 41475.619437 374.079681
657.000000 0.989796 0.007610 100.000000 100.000000 0.452228 0.446828 0.398477 0.564751 0.226437 0.320584 92.000000 97.000000 56.000000 245.000000 30256.242532 400.669953
976.000000 0.873337 0.132172 100.000000 100.000000 0.470280 0.287699 0.185477 0.326739 0.482313 0.465126 74.000000 46.000000 97.000000 217.000000 43642.491059 375.239444
632.000000 0.736673 0.246835 100.000000 100.000000 0.384605 0.328004 0.123733 0.387215 0.352709 0.302149 79.000000 43.000000 68.000000 190.000000 43993.754043 364.031515
41.000000 0.632855 0.439024 100.000000 100.000000 0.330465 0.399041 0.429050 0.483299 0.173493 0.620128 74.000000 86.000000 74.000000 234.000000 44012.659079 363.485244
214.000000 0.587068 0.425234 100.000000 100.000000 0.256490 0.628405 0.304989 0.365690 0.118203 0.266343 77.000000 69.000000 26.000000 172.000000 42838.989419 372.803827
388.000000 0.362463 0.608247 100.000000 100.000000 0.355093 0.654889 0.306128 0.376846 0.200516 0.687989 100.000000 73.000000 82.000000 255.000000 42681.169898 368.926435
172.000000 0.282360 0.767442 100.000000 100.000000 0.453175 0.513021 0.279855 0.463475 0.233932 0.231187 95.000000 59.000000 47.000000 201.000000 42012.635555 365.392035
801.000000 0.639002 0.340824 100.000000 100.000000 0.460307 0.551071 0.210598 0.297021 0.146880 0.232252 100.000000 45.000000 47.000000 192.000000 38943.983635 392.362605
851.000000 0.107797 0.887192 100.000000 100.000000 0.160822 0.571011 0.121430 0.501037 0.148675 0.422798 61.000000 47.000000 48.000000 156.000000 39578.221926 360.076100
161.000000 0.618348 0.341615 100.000000 100.000000 0.184633 0.485899 0.103828 0.223651 0.351408 0.625645 63.000000 23.000000 97.000000 183.000000 39019.566014 368.148963
354.000000 0.855918 0.158192 100.000000 100.000000 0.105216 0.407503 0.117957 0.273869 0.313066 0.451726 46.000000 43.000000 73.000000 162.000000 34812.489059 377.836115
700.000000 0.328272 0.675714 100.000000 100.000000 0.207718 0.330341 0.364990 0.225664 0.420150 0.309770 51.000000 67.000000 80.000000 198.000000 39154.118633 361.616504
796.000000 0.765937 0.234925 100.000000 100.000000 0.437407 0.247654 0.296325 0.695671 0.258738 0.240709 71.000000 99.000000 57.000000 227.000000 36991.638515 369.720170
509.000000 0.087018 0.917485 100.000000 100.000000 0.204579 0.459156 0.453586 0.283087 0.222273 0.591394 49.000000 82.000000 75.000000 206.000000 38828.304356 365.367819
155.000000 0.450578 0.522581 100.000000 100.000000 0.204877 0.631762 0.320855 0.529492 0.397666 0.577960 72.000000 79.000000 98.000000 249.000000 40091.069349 374.330922
59.000000 0.225500 0.711864 100.000000 100.000000 0.154786 0.685457 0.205700 0.689417 0.330917 0.325620 60.000000 80.000000 61.000000 201.000000 40014.949443 366.361460
485.000000 0.210718 0.797938 100.000000 100.000000 0.271070 0.470763 0.100062 0.661236 0.307905 0.506644 66.000000 50.000000 78.000000 194.000000 38048.110729 370.441717
576.000000 0.514381 0.487847 100.000000 100.000000 0.473178 0.302069 0.189803 0.695782 0.102193 0.343928 91.000000 83.000000 32.000000 206.000000 41073.728866 369.408792
940.000000 0.415143 0.579787 100.000000 100.000000 0.445486 0.351897 0.108447 0.427941 0.179181 0.652377 83.000000 42.000000 77.000000 202.000000 38241.484196 354.987310
352.000000 0.647014 0.340909 100.000000 100.000000 0.408173 0.386076 0.199052 0.536296 0.377446 0.665422 85.000000 61.000000 100.000000 246.000000 40550.095397 362.715894
879.000000 0.860845 0.146758 100.000000 100.000000 0.199788 0.312401 0.286503 0.616596 0.187403 0.391385 58.000000 89.000000 53.000000 200.000000 39051.393255 377.738097
906.000000 0.613893 0.381898 100.000000 100.000000 0.238753 0.553791 0.451575 0.232156 0.226132 0.359972 70.000000 74.000000 59.000000 203.000000 38702.493719 334.805009
401.000000 0.410514 0.583541 100.000000 100.000000 0.465545 0.456736 0.378584 0.333120 0.444839 0.412110 95.000000 69.000000 82.000000 246.000000 34516.264814 354.313941
196.000000 0.994424 0.005102 100.000000 100.000000 0.432169 0.341989 0.128339 0.659573 0.360779 0.560851 77.000000 54.000000 86.000000 217.000000 20101.430634 270.766940
304.000000 0.928182 0.092105 100.000000 100.000000 0.493329 0.677420 0.233385 0.551292 0.458152 0.449952 100.000000 67.000000 89.000000 256.000000 31748.101775 303.811999
430.000000 0.115212 0.876744 100.000000 100.000000 0.279427 0.386543 0.432517 0.244500 0.499249 0.457184 55.000000 78.000000 97.000000 230.000000 43332.659427 354.513049
755.000000 0.505896 0.492715 100.000000 100.000000 0.376618 0.494273 0.485056 0.605276 0.122566 0.236772 86.000000 100.000000 40.000000 226.000000 37426.670994 357.091563
125.000000 0.149254 0.872000 100.000000 100.000000 0.369486 0.456223 0.154312 0.271730 0.209618 0.235708 82.000000 37.000000 42.000000 161.000000 38421.263577 353.978319
996.000000 0.003357 0.996988 100.000000 100.000000 0.300675 0.414390 0.491112 0.621937 0.150399 0.467095 62.000000 100.000000 49.000000 211.000000 38344.663570 362.744704
941.000000 0.579379 0.431456 100.000000 100.000000 0.400001 0.511321 0.213486 0.353694 0.366702 0.407463 95.000000 49.000000 75.000000 219.000000 41513.029752 353.176370
555.000000 0.596947 0.407207 100.000000 100.000000 0.422381 0.646386 0.100348 0.530517 0.205947 0.520559 100.000000 36.000000 74.000000 210.000000 42503.135089 354.147314
98.000000 0.101501 0.877551 100.000000 100.000000 0.373665 0.664113 0.120540 0.563362 0.105290 0.210978 100.000000 47.000000 39.000000 186.000000 40923.174736 354.103023
643.000000 0.777508 0.219285 100.000000 100.000000 0.387260 0.485557 0.220980 0.682725 0.194593 0.341377 83.000000 83.000000 55.000000 221.000000 40422.991674 342.823420
439.000000 0.581220 0.407745 100.000000 100.000000 0.241279 0.486112 0.162124 0.299874 0.284811 0.353610 69.000000 36.000000 63.000000 168.000000 37169.454407 374.455735
139.000000 0.525778 0.381295 100.000000 100.000000 0.388969 0.576918 0.436849 0.579510 0.428982 0.470001 96.000000 100.000000 94.000000 290.000000 38163.289879 365.249550
246.000000 0.791692 0.239837 100.000000 100.000000 0.441715 0.680777 0.249250 0.215094 0.337614 0.261569 100.000000 49.000000 73.000000 222.000000 38207.607380 367.081225
548.000000 0.809683 0.211679 100.000000 100.000000 0.259295 0.372262 0.135871 0.284402 0.447783 0.298854 70.000000 36.000000 74.000000 180.000000 42909.026886 355.120566
32.000000 0.259865 0.843750 100.000000 100.000000 0.336223 0.473059 0.224447 0.443925 0.120350 0.678433 88.000000 61.000000 56.000000 205.000000 42242.903719 346.391210
126.000000 0.111803 0.920635 100.000000 100.000000 0.334756 0.238513 0.315657 0.620674 0.463957 0.389383 57.000000 88.000000 88.000000 233.000000 41538.306792 353.686279
661.000000 0.653957 0.364599 100.000000 100.000000 0.378085 0.228818 0.393845 0.428528 0.178959 0.525822 76.000000 76.000000 64.000000 216.000000 38747.797747 350.261559
55.000000 0.184515 0.727273 100.000000 100.000000 0.494815 0.273035 0.289111 0.269955 0.419036 0.686696 77.000000 58.000000 100.000000 235.000000 39970.272542 349.904409
545.000000 0.179289 0.827523 100.000000 100.000000 0.285612 0.358400 0.481881 0.679323 0.404703 0.547646 67.000000 100.000000 97.000000 264.000000 41550.583001 368.553242
965.000000 0.537797 0.471503 100.000000 100.000000 0.110769 0.579426 0.219530 0.438421 0.174830 0.369756 50.000000 60.000000 44.000000 154.000000 38679.002319 356.202443
223.000000 0.501118 0.457399 100.000000 100.000000 0.339362 0.344243 0.135852 0.386502 0.318227 0.396809 69.000000 45.000000 66.000000 180.000000 38476.825762 355.753050
777.000000 0.844820 0.148005 100.000000 100.000000 0.304055 0.642390 0.309595 0.638047 0.126273 0.525045 90.000000 94.000000 54.000000 238.000000 39785.034506 383.417467
33.000000 0.140296 0.818182 100.000000 100.000000 0.124234 0.675637 0.333272 0.329993 0.480929 0.454565 61.000000 63.000000 93.000000 217.000000 38906.034313 375.132095
805.000000 0.056809 0.934161 100.000000 100.000000 0.254391 0.593925 0.448407 0.272168 0.418121 0.304861 81.000000 77.000000 76.000000 234.000000 40748.686764 365.963717
137.000000 0.611579 0.408759 100.000000 100.000000 0.248783 0.606211 0.386644 0.434745 0.158961 0.239839 79.000000 83.000000 37.000000 199.000000 41527.269167 367.965351
518.000000 0.295773 0.725869 100.000000 100.000000 0.244306 0.225714 0.153148 0.396708 0.487896 0.278002 59.000000 51.000000 84.000000 194.000000 41841.774337 360.273093
780.000000 0.262627 0.739744 100.000000 100.000000 0.498139 0.685244 0.147404 0.613194 0.397514 0.597654 100.000000 59.000000 100.000000 259.000000 42161.936211 357.912124
816.000000 0.720821 0.275735 100.000000 100.000000 0.122934 0.621047 0.224434 0.511992 0.300645 0.410403 52.000000 61.000000 60.000000 173.000000 45779.535502 359.925581
353.000000 0.691682 0.320113 100.000000 100.000000 0.150700 0.248079 0.412917 0.348116 0.125545 0.696640 38.000000 80.000000 66.000000 184.000000 41279.127776 356.908716
405.000000 0.697853 0.306173 100.000000 100.000000 0.257289 0.608294 0.452733 0.641211 0.438001 0.683663 82.000000 100.000000 100.000000 282.000000 43233.374215 343.189849
131.000000 0.279573 0.725191 100.000000 100.000000 0.314511 0.592650 0.498631 0.314833 0.417699 0.437068 89.000000 90.000000 88.000000 267.000000 44055.371162 337.671149
749.000000 0.714949 0.296395 100.000000 100.000000 0.130976 0.270568 0.223302 0.466803 0.128184 0.622772 45.000000 62.000000 55.000000 162.000000 42061.929433 342.640312
74.000000 0.848378 0.148649 100.000000 100.000000 0.306042 0.545288 0.245796 0.385826 0.231562 0.692543 90.000000 50.000000 87.000000 227.000000 42623.783788 351.220858
194.000000 0.960656 0.036082 100.000000 100.000000 0.479994 0.573861 0.186959 0.400875 0.451337 0.606821 100.000000 53.000000 100.000000 253.000000 41560.633626 337.140471
326.000000 0.397574 0.622699 100.000000 100.000000 0.423106 0.216833 0.221585 0.251119 0.339937 0.539281 72.000000 45.000000 88.000000 205.000000 39590.929523 349.866472
195.000000 0.289129 0.723077 100.000000 100.000000 0.389025 0.392709 0.397039 0.252381 0.426378 0.616993 77.000000 68.000000 100.000000 245.000000 39805.262941 352.240529
565.000000 0.391428 0.600000 100.000000 100.000000 0.293264 0.564803 0.440036 0.437397 0.366549 0.427157 78.000000 94.000000 83.000000 255.000000 40877.221676 357.677335
678.000000 0.530407 0.458702 100.000000 100.000000 0.368911 0.472079 0.166711 0.674331 0.163324 0.210268 78.000000 78.000000 46.000000 202.000000 42162.032360 346.135392
670.000000 0.825261 0.161194 100.000000 100.000000 0.383082 0.277667 0.254753 0.391093 0.298921 0.366106 69.000000 61.000000 66.000000 196.000000 44388.050798 380.828063
843.000000 0.484769 0.550415 100.000000 100.000000 0.352251 0.456311 0.261992 0.680675 0.178032 0.456179 83.000000 93.000000 55.000000 231.000000 39724.961533 347.547210
851.000000 0.566738 0.464160 100.000000 100.000000 0.472193 0.281155 0.495170 0.519599 0.401795 0.234026 78.000000 100.000000 70.000000 248.000000 39734.471291 339.541793
522.000000 0.676129 0.302682 100.000000 100.000000 0.403660 0.550859 0.152302 0.220799 0.213477 0.504286 96.000000 37.000000 76.000000 209.000000 37318.898011 333.332643
303.000000 0.058650 0.943894 100.000000 100.000000 0.495669 0.568715 0.397045 0.218348 0.336230 0.251008 100.000000 61.000000 58.000000 219.000000 37535.799025 338.793672
175.000000 0.535931 0.525714 100.000000 100.000000 0.292744 0.396450 0.412624 0.512869 0.317652 0.548710 70.000000 92.000000 84.000000 246.000000 37788.835043 336.353841
501.000000 0.758695 0.263473 100.000000 100.000000 0.352864 0.395176 0.462848 0.555534 0.317230 0.680917 84.000000 100.000000 100.000000 284.000000 41974.618229 351.937222
81.000000 0.105483 0.901235 100.000000 100.000000 0.170852 0.623430 0.456499 0.203626 0.481504 0.302664 69.000000 74.000000 87.000000 230.000000 41435.791732 354.903826
700.000000 0.705094 0.282857 100.000000 100.000000 0.341832 0.460772 0.286210 0.281349 0.379510 0.243455 77.000000 70.000000 73.000000 220.000000 38907.918533 375.132999
15.000000 0.181728 0.866667 100.000000 100.000000 0.356151 0.352664 0.107887 0.621313 0.202803 0.392576 72.000000 50.000000 50.000000 172.000000 38748.429567 373.130955
167.000000 0.536080 0.443114 100.000000 100.000000 0.350059 0.651319 0.231966 0.636822 0.387650 0.648406 100.000000 78.000000 100.000000 278.000000 40255.886536 352.758843
379.000000 0.366295 0.601583 100.000000 100.000000 0.494964 0.359338 0.422746 0.393158 0.106732 0.679979 91.000000 85.000000 58.000000 234.000000 40533.914100 346.288772
842.000000 0.522220 0.472684 100.000000 100.000000 0.386982 0.674020 0.100647 0.331731 0.323692 0.302504 100.000000 38.000000 67.000000 205.000000 38181.102419 377.904654
121.000000 0.485092 0.545455 100.000000 100.000000 0.443629 0.674233 0.158944 0.407953 0.257096 0.530469 100.000000 50.000000 72.000000 222.000000 38766.034716 379.158153
394.000000 0.033841 0.969543 100.000000 100.000000 0.388746 0.581172 0.276706 0.401388 0.155477 0.578120 98.000000 75.000000 63.000000 236.000000 39205.503594 366.400482
894.000000 0.987332 0.006711 100.000000 100.000000 0.404942 0.244379 0.114204 0.643388 0.489268 0.600755 73.000000 49.000000 100.000000 222.000000 68203.476402 352.544791
299.000000 0.853430 0.177258 100.000000 100.000000 0.481183 0.496869 0.375417 0.373133 0.236829 0.356998 98.000000 77.000000 56.000000 231.000000 52901.825844 307.680614
514.000000 0.090552 0.902724 100.000000 100.000000 0.229820 0.653868 0.131519 0.551493 0.388494 0.383992 83.000000 43.000000 86.000000 212.000000 46200.645283 310.647355
144.000000 0.693548 0.354167 100.000000 100.000000 0.368725 0.431055 0.219822 0.273669 0.382724 0.517686 84.000000 52.000000 91.000000 227.000000 44253.350181 307.850052
872.000000 0.402054 0.607798 100.000000 100.000000 0.345732 0.357125 0.132105 0.221987 0.404281 0.679852 76.000000 43.000000 100.000000 219.000000 39241.557406 364.703903
462.000000 0.248617 0.764069 100.000000 100.000000 0.477747 0.453077 0.196743 0.684151 0.263559 0.652056 93.000000 75.000000 88.000000 256.000000 40416.210626 361.708390
228.000000 0.586770 0.359649 100.000000 100.000000 0.141860 0.618668 0.266305 0.617785 0.378208 0.566951 69.000000 87.000000 97.000000 253.000000 40126.323062 359.170942
578.000000 0.017989 0.987889 100.000000 100.000000 0.127076 0.374215 0.377408 0.526165 0.103413 0.686375 44.000000 87.000000 54.000000 185.000000 38236.078371 364.921784
390.000000 0.489248 0.512821 100.000000 100.000000 0.274877 0.596604 0.172512 0.651543 0.242376 0.596750 85.000000 68.000000 74.000000 227.000000 40580.080515 364.029910
953.000000 0.911236 0.087093 100.000000 100.000000 0.276957 0.270014 0.282158 0.349654 0.437966 0.610539 68.000000 67.000000 100.000000 235.000000 42266.060899 373.704619
887.000000 0.446422 0.587373 100.000000 100.000000 0.373628 0.209391 0.307286 0.285902 0.412386 0.511679 70.000000 62.000000 93.000000 225.000000 39372.550955 351.420783
683.000000 0.157117 0.830161 100.000000 100.000000 0.260037 0.536360 0.323424 0.387052 0.370185 0.569182 74.000000 80.000000 97.000000 251.000000 38257.245255 361.351804
865.000000 0.107498 0.898266 100.000000 100.000000 0.446192 0.561274 0.482746 0.253131 0.408679 0.223406 100.000000 78.000000 74.000000 252.000000 39925.756402 359.680483
289.000000 0.058949 0.958478 100.000000 100.000000 0.210300 0.578452 0.435729 0.466253 0.476226 0.450400 72.000000 91.000000 91.000000 254.000000 39630.708442 360.168059
806.000000 0.265713 0.733251 100.000000 100.000000 0.351434 0.615352 0.367312 0.509742 0.353742 0.591165 92.000000 86.000000 88.000000 266.000000 39951.714345 354.511906
175.000000 0.323344 0.657143 100.000000 100.000000 0.113146 0.425443 0.196444 0.382937 0.145813 0.370111 37.000000 49.000000 40.000000 126.000000 39187.532591 362.566068
775.000000 0.553798 0.447742 100.000000 100.000000 0.429755 0.541251 0.338170 0.437597 0.296892 0.361197 97.000000 71.000000 71.000000 239.000000 39855.015306 375.077890
961.000000 0.250458 0.744017 100.000000 100.000000 0.319024 0.427868 0.145381 0.630330 0.181668 0.598203 75.000000 62.000000 62.000000 199.000000 39041.374792 363.530907
85.000000 0.228585 0.811765 100.000000 100.000000 0.408080 0.615564 0.425608 0.585965 0.287145 0.319131 100.000000 100.000000 68.000000 268.000000 38757.921760 363.901870
467.000000 0.252151 0.749465 100.000000 100.000000 0.102987 0.647790 0.274677 0.452557 0.429780 0.444655 61.000000 75.000000 84.000000 220.000000 40464.518059 367.452316
374.000000 0.985939 0.024064 100.000000 100.000000 0.335610 0.534194 0.423592 0.569067 0.381152 0.453695 84.000000 100.000000 84.000000 268.000000 36352.332894 373.944858
815.000000 0.905792 0.093252 100.000000 100.000000 0.465350 0.263493 0.139016 0.516180 0.318753 0.339249 78.000000 55.000000 72.000000 205.000000 50855.912739 359.478230
612.000000 0.634124 0.331699 100.000000 100.000000 0.276460 0.277139 0.127797 0.523409 0.307075 0.633579 64.000000 49.000000 86.000000 199.000000 39581.120136 374.540486
592.000000 0.310858 0.707770 100.000000 100.000000 0.418320 0.410058 0.340947 0.582356 0.391050 0.218696 79.000000 91.000000 63.000000 233.000000 39932.185729 373.065054
66.000000 0.848527 0.166667 100.000000 100.000000 0.363357 0.300156 0.465138 0.509779 0.301560 0.292238 71.000000 98.000000 71.000000 240.000000 16471.854994 405.397971
998.000000 0.671202 0.330661 100.000000 100.000000 0.309088 0.645961 0.383756 0.378072 0.339139 0.564628 91.000000 79.000000 86.000000 256.000000 41899.923950 366.188800
222.000000 0.713704 0.288288 100.000000 100.000000 0.118960 0.315251 0.352032 0.516435 0.490066 0.575408 38.000000 87.000000 100.000000 225.000000 40458.735941 369.063561
775.000000 0.389562 0.611613 100.000000 100.000000 0.475239 0.381827 0.233131 0.511844 0.109371 0.606111 89.000000 65.000000 49.000000 203.000000 38216.464632 347.269898
820.000000 0.724355 0.243902 100.000000 100.000000 0.148174 0.315759 0.302368 0.280398 0.466866 0.203002 41.000000 68.000000 80.000000 189.000000 34217.847464 374.518791
804.000000 0.433632 0.584577 100.000000 100.000000 0.388505 0.224357 0.369628 0.327854 0.377481 0.238546 68.000000 83.000000 72.000000 223.000000 36164.917565 363.455557
136.000000 0.649030 0.323529 100.000000 100.000000 0.283513 0.323920 0.225300 0.585801 0.304621 0.586164 63.000000 73.000000 80.000000 216.000000 37484.195357 358.120222
736.000000 0.879484 0.127717 100.000000 100.000000 0.200122 0.439729 0.367026 0.640461 0.455700 0.577250 49.000000 100.000000 100.000000 249.000000 36356.969756 348.835428
708.000000 0.667494 0.292373 100.000000 100.000000 0.249786 0.488195 0.228213 0.506340 0.163852 0.297434 73.000000 62.000000 44.000000 179.000000 36676.058080 354.865872
446.000000 0.334717 0.663677 100.000000 100.000000 0.452191 0.492107 0.185223 0.287291 0.133533 0.621285 93.000000 55.000000 60.000000 208.000000 37331.017470 355.029347
68.000000 0.811077 0.279412 100.000000 100.000000 0.328627 0.582447 0.226483 0.358723 0.155900 0.445914 91.000000 58.000000 48.000000 197.000000 36414.155313 348.305294
200.000000 0.915839 0.085000 100.000000 100.000000 0.280152 0.456990 0.153753 0.465102 0.233240 0.475907 70.000000 51.000000 60.000000 181.000000 39483.276454 335.102294
545.000000 0.097171 0.867890 100.000000 100.000000 0.108354 0.278688 0.429361 0.216446 0.110943 0.670103 36.000000 72.000000 62.000000 170.000000 36512.501756 344.689392
438.000000 0.454435 0.554795 100.000000 100.000000 0.321495 0.544397 0.295740 0.525177 0.242951 0.444849 86.000000 77.000000 68.000000 231.000000 35158.680141 344.042989
312.000000 0.726346 0.230769 100.000000 100.000000 0.446767 0.545418 0.470348 0.350530 0.454973 0.248845 100.000000 83.000000 65.000000 248.000000 38811.737457 348.903855
295.000000 0.637310 0.403390 100.000000 100.000000 0.276344 0.331149 0.481302 0.474795 0.298769 0.385800 55.000000 94.000000 66.000000 215.000000 37348.010460 351.488594
960.000000 0.205791 0.789583 100.000000 100.000000 0.176498 0.565865 0.331516 0.318510 0.433568 0.566985 62.000000 79.000000 100.000000 241.000000 39074.527034 350.037135
149.000000 0.861318 0.154362 100.000000 100.000000 0.348481 0.285191 0.402796 0.467828 0.336465 0.565371 68.000000 88.000000 94.000000 250.000000 39546.845837 358.916878
83.000000 0.019682 0.975904 100.000000 100.000000 0.311038 0.594137 0.106704 0.348391 0.351525 0.532826 87.000000 38.000000 79.000000 204.000000 39348.050489 350.743768
671.000000 0.612674 0.400894 100.000000 100.000000 0.203484 0.306660 0.438573 0.261160 0.127082 0.687507 47.000000 80.000000 67.000000 194.000000 38164.682717 355.382944
4.000000 0.260462 1.000000 100.000000 100.000000 0.165484 0.492532 0.301815 0.439737 0.400340 0.577216 36.000000 60.000000 89.000000 185.000000 37883.867529 355.674058
790.000000 0.057108 0.943038 100.000000 100.000000 0.369022 0.603661 0.487091 0.520074 0.158116 0.504253 96.000000 100.000000 51.000000 247.000000 38454.804938 350.812446
275.000000 0.671525 0.374545 100.000000 100.000000 0.400466 0.363883 0.280708 0.605351 0.418203 0.638918 75.000000 79.000000 100.000000 254.000000 37853.825282 349.764364
255.000000 0.541505 0.482353 100.000000 100.000000 0.170071 0.237192 0.375073 0.310153 0.350117 0.636950 44.000000 70.000000 97.000000 211.000000 37740.809447 359.533927
868.000000 0.820010 0.161290 100.000000 100.000000 0.197132 0.654847 0.189256 0.321087 0.345520 0.352157 74.000000 57.000000 72.000000 203.000000 48850.558799 361.120004
129.000000 0.649179 0.310078 100.000000 100.000000 0.340829 0.578789 0.444641 0.209754 0.374619 0.685860 86.000000 79.000000 100.000000 265.000000 50883.529944 353.530167
485.000000 0.751777 0.245361 100.000000 100.000000 0.359699 0.260619 0.126322 0.642675 0.454785 0.695415 68.000000 68.000000 100.000000 236.000000 41644.157334 364.095115
847.000000 0.066812 0.931523 100.000000 100.000000 0.100851 0.658589 0.204841 0.581575 0.236793 0.283874 52.000000 67.000000 57.000000 176.000000 41636.001101 337.487732
495.000000 0.087317 0.935354 100.000000 100.000000 0.319210 0.468892 0.492269 0.530992 0.362268 0.290785 72.000000 100.000000 74.000000 246.000000 39912.264147 338.138737
240.000000 0.590154 0.391667 100.000000 100.000000 0.109785 0.558512 0.124897 0.262238 0.474431 0.259854 47.000000 46.000000 80.000000 173.000000 39068.315187 335.421345
267.000000 0.720025 0.250936 100.000000 100.000000 0.282863 0.430334 0.211190 0.433482 0.472519 0.662127 66.000000 65.000000 100.000000 231.000000 38702.562324 321.530840
617.000000 0.069127 0.938412 100.000000 100.000000 0.490822 0.606169 0.269772 0.378986 0.303964 0.404008 100.000000 62.000000 79.000000 241.000000 41581.829021 344.109226
229.000000 0.631437 0.323144 100.000000 100.000000 0.284386 0.480671 0.480170 0.429605 0.126308 0.598169 71.000000 89.000000 57.000000 217.000000 43043.269004 338.078708
808.000000 0.392498 0.596535 100.000000 100.000000 0.271218 0.557066 0.233697 0.284439 0.395602 0.499927 83.000000 54.000000 90.000000 227.000000 40579.120510 351.939453
54.000000 0.680907 0.351852 100.000000 100.000000 0.440917 0.200888 0.101506 0.439573 0.417816 0.344249 79.000000 38.000000 78.000000 195.000000 40639.004762 344.116902
342.000000 0.934652 0.040936 100.000000 100.000000 0.314548 0.547371 0.311885 0.592293 0.110603 0.636367 83.000000 90.000000 53.000000 226.000000 36805.376888 354.769936
398.000000 0.910589 0.075377 100.000000 100.000000 0.494202 0.334170 0.488255 0.395096 0.279838 0.461958 88.000000 92.000000 68.000000 248.000000 40716.885103 340.504530
162.000000 0.286192 0.734568 100.000000 100.000000 0.193046 0.217470 0.396473 0.479786 0.140148 0.223178 45.000000 87.000000 40.000000 172.000000 41572.978059 335.612423
562.000000 0.350444 0.619217 100.000000 100.000000 0.233293 0.652381 0.123447 0.517935 0.454668 0.288234 80.000000 40.000000 80.000000 200.000000 40920.170875 347.344306
100.000000 0.026599 0.970000 100.000000 100.000000 0.304204 0.228694 0.443229 0.261250 0.213969 0.518328 66.000000 78.000000 71.000000 215.000000 41662.941352 346.133750
958.000000 0.291592 0.686848 100.000000 100.000000 0.436311 0.595158 0.281312 0.673745 0.163547 0.336823 100.000000 92.000000 45.000000 237.000000 40770.864211 361.051044
507.000000 0.254938 0.763314 100.000000 100.000000 0.241651 0.568161 0.455901 0.601199 0.246012 0.238774 75.000000 100.000000 52.000000 227.000000 38955.865906 361.624668
353.000000 0.527446 0.484419 100.000000 100.000000 0.196185 0.588655 0.307877 0.422363 0.338025 0.441554 70.000000 69.000000 76.000000 215.000000 38250.416177 356.150066
732.000000 0.215322 0.771858 100.000000 100.000000 0.274264 0.657739 0.371657 0.276685 0.103179 0.372012 89.000000 75.000000 37.000000 201.000000 39862.746910 333.384470
645.000000 0.691707 0.272868 100.000000 100.000000 0.127447 0.456264 0.271184 0.327489 0.464614 0.571539 46.000000 64.000000 100.000000 210.000000 37805.604157 335.572727
693.000000 0.787362 0.232323 100.000000 100.000000 0.176405 0.295353 0.158072 0.368178 0.343268 0.220694 48.000000 44.000000 57.000000 149.000000 38587.812051 320.244767
585.000000 0.723135 0.241026 100.000000 100.000000 0.112905 0.568627 0.289365 0.309403 0.367816 0.530537 40.000000 61.000000 91.000000 192.000000 41866.542915 345.076991
374.000000 0.280643 0.692513 100.000000 100.000000 0.292466 0.584913 0.292292 0.661875 0.446751 0.509837 83.000000 95.000000 95.000000 273.000000 43791.484334 351.072992
314.000000 0.558426 0.433121 100.000000 100.000000 0.409696 0.436413 0.468032 0.532419 0.431234 0.601465 83.000000 100.000000 100.000000 283.000000 44033.117713 345.830704
77.000000 0.348303 0.623377 100.000000 100.000000 0.277384 0.667854 0.136125 0.323850 0.396564 0.642695 86.000000 44.000000 100.000000 230.000000 43529.931385 347.657818
202.000000 0.288979 0.707921 100.000000 100.000000 0.331710 0.637841 0.177697 0.628428 0.356381 0.517298 96.000000 62.000000 81.000000 239.000000 44020.970498 348.302327
160.000000 0.454112 0.506250 100.000000 100.000000 0.230117 0.326475 0.398788 0.297898 0.163887 0.370559 63.000000 72.000000 43.000000 178.000000 44957.902819 349.784530
67.000000 0.728958 0.268657 100.000000 100.000000 0.151369 0.502735 0.173963 0.395847 0.262139 0.568370 56.000000 62.000000 83.000000 201.000000 44238.229364 352.809995
293.000000 0.640993 0.402730 100.000000 100.000000 0.358900 0.280730 0.378578 0.367153 0.134987 0.278095 72.000000 78.000000 29.000000 179.000000 41953.599215 355.000532
271.000000 0.219950 0.782288 100.000000 100.000000 0.254206 0.552900 0.101519 0.371506 0.237521 0.612279 66.000000 32.000000 79.000000 177.000000 43341.818354 346.818831
956.000000 0.705866 0.298117 100.000000 100.000000 0.205155 0.443299 0.441187 0.380486 0.268567 0.616833 52.000000 86.000000 90.000000 228.000000 36592.731932 348.902923
700.000000 0.622976 0.375714 100.000000 100.000000 0.164574 0.381060 0.233690 0.318472 0.485750 0.365912 38.000000 57.000000 89.000000 184.000000 44616.901184 342.695031
523.000000 0.758247 0.258126 100.000000 100.000000 0.180918 0.630571 0.204822 0.683675 0.107237 0.381830 64.000000 81.000000 35.000000 180.000000 43348.794049 351.637407
894.000000 0.740978 0.242729 100.000000 100.000000 0.273169 0.505243 0.356644 0.254758 0.407987 0.468125 68.000000 71.000000 82.000000 221.000000 42646.509054 352.940884
478.000000 0.292986 0.690377 100.000000 100.000000 0.105643 0.305343 0.371924 0.248066 0.271663 0.483883 31.000000 70.000000 68.000000 169.000000 42599.941584 345.771073
438.000000 0.454435 0.554795 100.000000 100.000000 0.321495 0.544397 0.295740 0.525177 0.242951 0.444849 86.000000 77.000000 68.000000 231.000000 40924.060176 334.425913
682.000000 0.746527 0.230205 100.000000 100.000000 0.173749 0.637799 0.460825 0.572669 0.101384 0.681466 68.000000 100.000000 52.000000 220.000000 42335.461916 362.588594
768.000000 0.259243 0.761719 100.000000 100.000000 0.130214 0.245400 0.288812 0.468741 0.301290 0.404751 37.000000 69.000000 71.000000 177.000000 42573.520169 354.902220
717.000000 0.417308 0.585774 100.000000 100.000000 0.378141 0.544609 0.354036 0.601399 0.176355 0.672815 93.000000 93.000000 70.000000 256.000000 41933.688249 349.092729
177.000000 0.909071 0.112994 100.000000 100.000000 0.344302 0.577301 0.436569 0.676196 0.440793 0.590101 86.000000 100.000000 100.000000 286.000000 40394.974519 329.013880
426.000000 0.909992 0.091549 100.000000 100.000000 0.264941 0.314697 0.410888 0.399285 0.399848 0.563175 63.000000 84.000000 96.000000 243.000000 39939.128508 358.214050
977.000000 0.294827 0.686796 100.000000 100.000000 0.346921 0.280134 0.320562 0.694245 0.189773 0.430030 71.000000 100.000000 65.000000 236.000000 40238.463162 355.851230
335.000000 0.770565 0.241791 100.000000 100.000000 0.417348 0.642815 0.426187 0.290493 0.393080 0.480976 100.000000 81.000000 86.000000 267.000000 39221.849918 342.302731
67.000000 0.471705 0.522388 100.000000 100.000000 0.229244 0.669725 0.143918 0.454094 0.342200 0.358553 87.000000 49.000000 66.000000 202.000000 40419.120770 340.799162
24.000000 0.297465 0.625000 100.000000 100.000000 0.428269 0.445636 0.282444 0.218934 0.336008 0.624454 83.000000 62.000000 96.000000 241.000000 40141.981853 344.321686
210.000000 0.453066 0.504762 100.000000 100.000000 0.228910 0.542397 0.463395 0.430229 0.473903 0.672688 69.000000 96.000000 100.000000 265.000000 39913.458528 347.482376
314.000000 0.099485 0.888535 100.000000 100.000000 0.498325 0.226269 0.494292 0.513857 0.178114 0.290236 75.000000 100.000000 51.000000 226.000000 38694.137990 350.781456
424.000000 0.077911 0.931604 100.000000 100.000000 0.302012 0.423702 0.413203 0.217397 0.423587 0.210555 67.000000 68.000000 73.000000 208.000000 40062.794467 360.693008
79.000000 0.475089 0.531646 100.000000 100.000000 0.197169 0.609569 0.402510 0.598547 0.438424 0.551456 70.000000 100.000000 99.000000 269.000000 40150.874569 360.852634
849.000000 0.439952 0.553592 100.000000 100.000000 0.152409 0.339440 0.228786 0.244902 0.359934 0.325265 42.000000 50.000000 72.000000 164.000000 35204.929785 349.217713
697.000000 0.708777 0.302726 100.000000 100.000000 0.424387 0.410353 0.183486 0.673708 0.215728 0.635750 89.000000 68.000000 75.000000 232.000000 41696.825477 372.305853
837.000000 0.436568 0.526882 100.000000 100.000000 0.184484 0.399596 0.370194 0.600448 0.263711 0.632362 55.000000 98.000000 81.000000 234.000000 39848.219581 344.861399
349.000000 0.147089 0.868195 100.000000 100.000000 0.436831 0.263511 0.308723 0.598272 0.212444 0.215270 81.000000 92.000000 47.000000 220.000000 39544.919256 349.208348
985.000000 0.339345 0.645685 100.000000 100.000000 0.432132 0.387268 0.315085 0.382113 0.267875 0.361552 84.000000 72.000000 53.000000 209.000000 41391.976964 365.941537
91.000000 0.019532 0.978022 100.000000 100.000000 0.253723 0.339269 0.287362 0.224438 0.281527 0.433131 58.000000 66.000000 79.000000 203.000000 41236.465383 365.872864
153.000000 0.279125 0.705882 100.000000 100.000000 0.142565 0.328045 0.240605 0.442975 0.207706 0.637980 41.000000 68.000000 76.000000 185.000000 40729.665284 371.643951
