695.000000 0.537325 0.457554 100.000000 100.000000 0.362076 0.081514 0.103237 0.077664 0.425768 0.099162 63.000000 23.000000 68.000000 154.000000 57932.883209 360.034261
924.000000 0.031402 0.968615 100.000000 100.000000 0.318207 0.077608 0.250701 0.052361 0.357378 0.007572 58.000000 50.000000 58.000000 166.000000 61977.768960 350.034110
462.000000 0.789676 0.238095 100.000000 100.000000 0.166375 0.009501 0.223003 0.093187 0.410439 0.028884 35.000000 56.000000 63.000000 154.000000 56947.588271 325.018142
442.000000 0.577538 0.416290 100.000000 100.000000 0.158724 0.067633 0.264849 0.042088 0.448593 0.052741 41.000000 54.000000 70.000000 165.000000 61037.533443 330.338305
587.000000 0.566116 0.442930 100.000000 100.000000 0.266185 0.070992 0.159535 0.069194 0.182735 0.052548 50.000000 38.000000 37.000000 125.000000 60920.808889 379.053427
568.000000 0.644999 0.355634 100.000000 100.000000 0.132833 0.050150 0.172805 0.057785 0.450270 0.009847 34.000000 43.000000 59.000000 136.000000 61748.607120 340.804258
870.000000 0.898445 0.093103 100.000000 100.000000 0.291834 0.017826 0.344500 0.038938 0.403061 0.028206 60.000000 52.000000 63.000000 175.000000 59799.952818 366.959706
259.000000 0.216566 0.806950 100.000000 100.000000 0.286281 0.082785 0.242927 0.006356 0.141297 0.044436 51.000000 35.000000 32.000000 118.000000 65109.234712 323.554623
652.000000 0.068380 0.915644 100.000000 100.000000 0.204245 0.027102 0.373063 0.012726 0.353976 0.041695 43.000000 69.000000 51.000000 163.000000 63344.610232 262.029138
594.000000 0.189144 0.804714 100.000000 100.000000 0.474756 0.093703 0.418973 0.033626 0.153378 0.045939 79.000000 69.000000 37.000000 185.000000 61736.405544 252.949831
473.000000 0.125216 0.864693 100.000000 100.000000 0.125887 0.050739 0.188950 0.071074 0.317922 0.047767 28.000000 41.000000 59.000000 128.000000 59661.098914 253.231618
720.000000 0.376174 0.626389 100.000000 100.000000 0.260855 0.036109 0.218105 0.071881 0.194476 0.047371 47.000000 38.000000 40.000000 125.000000 67389.670046 304.743211
402.000000 0.197928 0.786070 100.000000 100.000000 0.285946 0.057574 0.162404 0.001631 0.273000 0.007635 44.000000 40.000000 51.000000 135.000000 65092.931581 285.380183
3.000000 0.921090 0.000000 100.000000 100.000000 0.466102 0.076202 0.219250 0.067351 0.186641 0.058391 57.000000 27.000000 26.000000 110.000000 65067.240695 285.237946
986.000000 0.208877 0.791075 100.000000 100.000000 0.429792 0.059603 0.151424 0.003981 0.389796 0.072378 66.000000 33.000000 64.000000 163.000000 61789.141712 353.029868
487.000000 0.583858 0.398357 100.000000 100.000000 0.322627 0.090420 0.124007 0.025663 0.431046 0.069911 52.000000 31.000000 65.000000 148.000000 62582.293590 350.012568
428.000000 0.824191 0.151869 100.000000 100.000000 0.405127 0.017910 0.461092 0.069122 0.269869 0.019481 63.000000 66.000000 48.000000 177.000000 55781.434263 393.439050
54.000000 0.763025 0.314815 100.000000 100.000000 0.218175 0.016959 0.154026 0.041085 0.311576 0.005315 52.000000 31.000000 55.000000 138.000000 56833.065946 397.156811
347.000000 0.315008 0.691643 100.000000 100.000000 0.473902 0.035158 0.311039 0.043844 0.236184 0.033205 72.000000 52.000000 48.000000 172.000000 61780.227302 341.780596
633.000000 0.359850 0.603476 100.000000 100.000000 0.250491 0.099519 0.202513 0.027043 0.393350 0.034356 56.000000 42.000000 73.000000 171.000000 62915.403201 364.397764
925.000000 0.993951 0.005405 100.000000 100.000000 0.283476 0.034501 0.412046 0.022452 0.211717 0.037999 46.000000 77.000000 34.000000 157.000000 5776.673074 405.709045
328.000000 0.017069 0.984756 100.000000 100.000000 0.206437 0.087490 0.403089 0.021409 0.144359 0.003634 42.000000 65.000000 29.000000 136.000000 26213.699356 404.381413
326.000000 0.267106 0.705521 100.000000 100.000000 0.420766 0.025856 0.457924 0.077044 0.461858 0.008569 65.000000 72.000000 66.000000 203.000000 25515.309899 410.907007
437.000000 0.868709 0.151030 100.000000 100.000000 0.490339 0.039123 0.455615 0.007320 0.347971 0.005922 68.000000 65.000000 56.000000 189.000000 21405.255427 450.391233
767.000000 0.591398 0.410691 100.000000 100.000000 0.121801 0.063138 0.396167 0.003496 0.112550 0.022229 32.000000 58.000000 24.000000 114.000000 49241.553106 364.318586
46.000000 0.270466 0.847826 100.000000 100.000000 0.411944 0.071725 0.458249 0.010730 0.219013 0.071533 64.000000 63.000000 43.000000 170.000000 50649.770279 367.481899
728.000000 0.092219 0.914835 100.000000 100.000000 0.437035 0.093190 0.402548 0.039481 0.297537 0.031798 67.000000 61.000000 54.000000 182.000000 50314.901273 372.925862
479.000000 0.419771 0.557411 100.000000 100.000000 0.425427 0.010318 0.238309 0.064907 0.313523 0.039144 66.000000 39.000000 56.000000 161.000000 49857.454880 385.190711
593.000000 0.603417 0.397976 100.000000 100.000000 0.243601 0.063635 0.178848 0.074561 0.258398 0.002381 53.000000 41.000000 41.000000 135.000000 51569.033933 388.517302
902.000000 0.785496 0.209534 100.000000 100.000000 0.358380 0.082651 0.351167 0.049040 0.486090 0.040530 67.000000 65.000000 69.000000 201.000000 60540.569571 355.876176
990.000000 0.507115 0.494949 100.000000 100.000000 0.411888 0.009198 0.498058 0.075502 0.221616 0.042429 62.000000 72.000000 49.000000 183.000000 62672.267569 363.716788
352.000000 0.023837 0.980114 100.000000 100.000000 0.142287 0.063669 0.120272 0.078612 0.336805 0.080023 36.000000 25.000000 58.000000 119.000000 63998.743698 350.131366
876.000000 0.241351 0.719178 100.000000 100.000000 0.416457 0.039098 0.104999 0.073199 0.382982 0.004438 71.000000 27.000000 67.000000 165.000000 62454.990464 337.212308
455.000000 0.871944 0.129670 100.000000 100.000000 0.400949 0.075748 0.494865 0.011379 0.374197 0.024377 65.000000 73.000000 54.000000 192.000000 53725.668198 396.329529
820.000000 0.560119 0.425610 100.000000 100.000000 0.193659 0.091354 0.197328 0.031620 0.279346 0.050087 38.000000 47.000000 50.000000 135.000000 61022.653733 359.539138
294.000000 0.428406 0.523810 100.000000 100.000000 0.179302 0.022725 0.162398 0.008370 0.363148 0.080100 41.000000 36.000000 54.000000 131.000000 60018.857594 360.662055
366.000000 0.646716 0.338798 100.000000 100.000000 0.293543 0.035915 0.160368 0.018501 0.237450 0.053674 53.000000 41.000000 44.000000 138.000000 64201.433747 365.309127
701.000000 0.044466 0.961484 100.000000 100.000000 0.441214 0.035352 0.368775 0.097224 0.193209 0.026901 62.000000 65.000000 39.000000 166.000000 61995.194922 370.345892
361.000000 0.314710 0.695291 100.000000 100.000000 0.359271 0.033230 0.272355 0.093759 0.496188 0.092725 64.000000 57.000000 75.000000 196.000000 61171.938507 378.812125
567.000000 0.600332 0.423280 100.000000 100.000000 0.390306 0.077473 0.358940 0.095044 0.302170 0.003665 65.000000 61.000000 58.000000 184.000000 64700.489753 375.233292
805.000000 0.056809 0.940373 100.000000 100.000000 0.254391 0.078997 0.448407 0.015289 0.418121 0.021762 53.000000 63.000000 62.000000 178.000000 60012.702595 346.994941
538.000000 0.802616 0.195167 100.000000 100.000000 0.208814 0.057002 0.380003 0.010423 0.115341 0.003704 49.000000 61.000000 23.000000 133.000000 59774.848714 372.302396
176.000000 0.662717 0.386364 100.000000 100.000000 0.212529 0.028357 0.279009 0.018338 0.359512 0.051979 47.000000 50.000000 58.000000 155.000000 57245.038272 342.414208
265.000000 0.970062 0.056604 100.000000 100.000000 0.497192 0.083972 0.266025 0.003865 0.390019 0.097436 72.000000 52.000000 71.000000 195.000000 45976.569708 335.575864
515.000000 0.758397 0.227184 100.000000 100.000000 0.238233 0.037717 0.424164 0.022310 0.177234 0.056742 39.000000 70.000000 41.000000 150.000000 60220.859147 350.687117
35.000000 0.136613 0.771429 100.000000 100.000000 0.441678 0.006159 0.435996 0.048052 0.244710 0.072730 61.000000 68.000000 42.000000 171.000000 62035.595060 355.207530
618.000000 0.938658 0.071197 100.000000 100.000000 0.488482 0.003945 0.106112 0.003362 0.425886 0.080784 71.000000 29.000000 64.000000 164.000000 43314.545587 501.125416
985.000000 0.421463 0.604061 100.000000 100.000000 0.209390 0.053862 0.367605 0.029708 0.161635 0.008741 40.000000 61.000000 37.000000 138.000000 61691.054102 340.821614
795.000000 0.683818 0.338365 100.000000 100.000000 0.260149 0.093653 0.243805 0.007493 0.364978 0.033307 58.000000 41.000000 63.000000 162.000000 63168.043338 372.556419
237.000000 0.336583 0.624473 100.000000 100.000000 0.270215 0.095066 0.392128 0.003543 0.390711 0.048982 51.000000 60.000000 65.000000 176.000000 62608.004143 370.549216
449.000000 0.577388 0.418708 100.000000 100.000000 0.101408 0.017169 0.445507 0.017545 0.378595 0.033001 30.000000 61.000000 56.000000 147.000000 61294.082804 340.569508
842.000000 0.899043 0.099762 100.000000 100.000000 0.121095 0.021682 0.421868 0.038108 0.283052 0.008165 40.000000 63.000000 47.000000 150.000000 65943.510514 380.653613
346.000000 0.893518 0.106936 100.000000 100.000000 0.197262 0.036656 0.175954 0.070078 0.128724 0.040154 40.000000 42.000000 29.000000 111.000000 72278.228424 399.396222
885.000000 0.614341 0.369492 100.000000 100.000000 0.410699 0.024442 0.309601 0.080995 0.436125 0.091894 65.000000 51.000000 62.000000 178.000000 61801.003787 352.693903
865.000000 0.812794 0.206936 100.000000 100.000000 0.489336 0.062490 0.214046 0.092144 0.343080 0.093518 70.000000 46.000000 61.000000 177.000000 66469.888161 354.637204
713.000000 0.999500 0.000000 100.000000 100.000000 0.184057 0.060748 0.116227 0.085398 0.305114 0.080241 46.000000 22.000000 47.000000 115.000000 15953.928274 301.331347
897.000000 0.524708 0.479376 100.000000 100.000000 0.411015 0.077162 0.243188 0.007429 0.399930 0.040052 80.000000 43.000000 59.000000 182.000000 66566.471379 349.904870
203.000000 0.453216 0.596059 100.000000 100.000000 0.286225 0.020258 0.282737 0.071128 0.143901 0.015332 48.000000 64.000000 34.000000 146.000000 63919.180661 356.360809
105.000000 0.560293 0.457143 100.000000 100.000000 0.227721 0.084039 0.274938 0.052078 0.288412 0.045057 44.000000 50.000000 54.000000 148.000000 64405.806795 359.685978
110.000000 0.645944 0.354545 100.000000 100.000000 0.430219 0.039375 0.405391 0.097872 0.348393 0.078745 59.000000 66.000000 64.000000 189.000000 64971.870927 362.564167
268.000000 0.048498 0.962687 100.000000 100.000000 0.191894 0.010738 0.421270 0.017828 0.447560 0.094515 37.000000 59.000000 60.000000 156.000000 64518.972450 350.103211
997.000000 0.260611 0.722166 100.000000 100.000000 0.222799 0.010385 0.121157 0.073010 0.470338 0.095429 55.000000 29.000000 72.000000 156.000000 59278.252480 358.272286
886.000000 0.319637 0.683973 100.000000 100.000000 0.453844 0.014400 0.440901 0.062619 0.370526 0.080778 68.000000 69.000000 66.000000 203.000000 59272.488587 349.659519
843.000000 0.227515 0.763938 100.000000 100.000000 0.430126 0.084814 0.231947 0.008707 0.258093 0.010180 68.000000 52.000000 55.000000 175.000000 60403.634030 359.707058
195.000000 0.289129 0.697436 100.000000 100.000000 0.389025 0.039156 0.397039 0.011371 0.426378 0.083565 57.000000 66.000000 72.000000 195.000000 61043.755367 353.067682
145.000000 0.950802 0.048276 100.000000 100.000000 0.290850 0.013685 0.249867 0.004053 0.302663 0.006446 58.000000 45.000000 53.000000 156.000000 54070.471020 369.638334
865.000000 0.484321 0.494798 100.000000 100.000000 0.180305 0.098358 0.403967 0.022546 0.368039 0.091504 46.000000 63.000000 56.000000 165.000000 58917.350579 369.949121
359.000000 0.023688 0.977716 100.000000 100.000000 0.484971 0.013205 0.300931 0.054070 0.266808 0.060283 72.000000 53.000000 48.000000 173.000000 59981.452561 381.985696
136.000000 0.447343 0.588235 100.000000 100.000000 0.294267 0.049864 0.281605 0.062180 0.371440 0.057381 54.000000 54.000000 53.000000 161.000000 61005.212987 377.007015
126.000000 0.570744 0.388889 100.000000 100.000000 0.246127 0.050234 0.289397 0.087969 0.317077 0.001121 50.000000 66.000000 55.000000 171.000000 56574.274588 432.075120
459.000000 0.830810 0.187364 100.000000 100.000000 0.283662 0.042624 0.358934 0.002783 0.392318 0.076131 60.000000 58.000000 65.000000 183.000000 69762.308650 369.669283
190.000000 0.744536 0.300000 100.000000 100.000000 0.275156 0.042212 0.292845 0.060902 0.113277 0.087253 50.000000 50.000000 30.000000 130.000000 65616.009241 349.369247
491.000000 0.964215 0.032587 100.000000 100.000000 0.481981 0.055798 0.123161 0.089834 0.156627 0.015715 68.000000 27.000000 41.000000 136.000000 9784.701978 527.625805
937.000000 0.997336 0.001067 100.000000 100.000000 0.251401 0.022591 0.270637 0.051053 0.307941 0.076194 49.000000 50.000000 58.000000 157.000000 81.172007 367.285821
379.000000 0.907354 0.105541 100.000000 100.000000 0.183593 0.089940 0.449005 0.035570 0.253613 0.034413 44.000000 68.000000 44.000000 156.000000 16032.767322 466.216267
928.000000 0.952818 0.034483 100.000000 100.000000 0.166190 0.001378 0.276115 0.013855 0.229838 0.089753 42.000000 43.000000 47.000000 132.000000 6750.020198 642.574425
283.000000 0.305453 0.664311 100.000000 100.000000 0.399389 0.074746 0.412631 0.056209 0.227504 0.096580 65.000000 62.000000 55.000000 182.000000 43417.687399 579.995502
765.000000 0.300376 0.681046 100.000000 100.000000 0.247501 0.043113 0.424743 0.062807 0.283169 0.088787 55.000000 65.000000 57.000000 177.000000 64591.526361 409.828764
764.000000 0.337827 0.680628 100.000000 100.000000 0.282232 0.086219 0.263398 0.092716 0.428830 0.058360 60.000000 48.000000 68.000000 176.000000 65305.644597 411.358695
751.000000 0.547029 0.438083 100.000000 100.000000 0.493905 0.092390 0.220987 0.089841 0.104445 0.055528 75.000000 43.000000 28.000000 146.000000 62695.749258 427.016810
917.000000 0.113669 0.883315 100.000000 100.000000 0.152780 0.044855 0.122563 0.069553 0.321135 0.003065 38.000000 27.000000 54.000000 119.000000 60744.478682 355.851658
744.000000 0.629297 0.354839 100.000000 100.000000 0.328478 0.059636 0.492848 0.008033 0.468203 0.051021 60.000000 64.000000 67.000000 191.000000 61872.151991 368.889469
932.000000 0.829566 0.173820 100.000000 100.000000 0.271646 0.051471 0.487664 0.012610 0.354199 0.066752 47.000000 65.000000 55.000000 167.000000 59910.264663 370.584207
757.000000 0.255858 0.755614 100.000000 100.000000 0.162289 0.021900 0.430220 0.025609 0.205067 0.003346 40.000000 67.000000 47.000000 154.000000 58442.396745 367.871313
528.000000 0.926017 0.066288 100.000000 100.000000 0.160674 0.057372 0.387796 0.036211 0.460978 0.046444 37.000000 65.000000 77.000000 179.000000 38951.214850 495.068707
600.000000 0.062209 0.941667 100.000000 100.000000 0.497657 0.054779 0.333247 0.053693 0.441520 0.044264 76.000000 53.000000 70.000000 199.000000 56304.403504 366.214676
132.000000 0.902750 0.098485 100.000000 100.000000 0.180398 0.052919 0.177411 0.012711 0.458339 0.061070 40.000000 37.000000 62.000000 139.000000 50116.527517 375.447597
207.000000 0.915690 0.086957 100.000000 100.000000 0.222836 0.001420 0.334411 0.028948 0.163242 0.035890 47.000000 62.000000 39.000000 148.000000 48781.448152 403.049906
483.000000 0.542874 0.440994 100.000000 100.000000 0.262656 0.008760 0.207418 0.041610 0.119165 0.042404 49.000000 42.000000 33.000000 124.000000 54910.085068 363.929986
664.000000 0.989646 0.012048 100.000000 100.000000 0.394912 0.098408 0.179135 0.048678 0.156439 0.005136 57.000000 35.000000 31.000000 123.000000 15749.755045 424.295643
307.000000 0.181753 0.811075 100.000000 100.000000 0.332898 0.072448 0.366154 0.080336 0.141872 0.014360 66.000000 52.000000 29.000000 147.000000 34165.883649 431.237190
798.000000 0.926490 0.061404 100.000000 100.000000 0.309367 0.051985 0.104089 0.006755 0.210040 0.080893 57.000000 26.000000 43.000000 126.000000 21802.062078 542.689843
890.000000 0.158934 0.820225 100.000000 100.000000 0.124569 0.021387 0.413795 0.031464 0.349226 0.088205 34.000000 70.000000 60.000000 164.000000 61139.641272 356.281654
299.000000 0.219353 0.765886 100.000000 100.000000 0.424944 0.067019 0.424151 0.035788 0.357530 0.003672 65.000000 63.000000 59.000000 187.000000 61221.940461 350.247027
614.000000 0.356615 0.667752 100.000000 100.000000 0.339882 0.062894 0.163263 0.022984 0.367124 0.015901 61.000000 37.000000 62.000000 160.000000 59780.762583 347.307223
331.000000 0.565344 0.462236 100.000000 100.000000 0.402862 0.074452 0.404558 0.049565 0.293678 0.077619 66.000000 64.000000 52.000000 182.000000 60331.744166 372.859302
350.000000 0.191756 0.808571 100.000000 100.000000 0.179358 0.085252 0.122588 0.042598 0.360544 0.010205 35.000000 35.000000 60.000000 130.000000 59986.021546 344.518370
249.000000 0.045263 0.947791 100.000000 100.000000 0.281285 0.073113 0.382020 0.013769 0.421335 0.076060 52.000000 63.000000 63.000000 178.000000 60616.561327 351.248189
804.000000 0.810455 0.185323 100.000000 100.000000 0.122618 0.031648 0.290848 0.037341 0.336840 0.094502 30.000000 56.000000 56.000000 142.000000 56087.883792 417.707430
350.000000 0.273875 0.754286 100.000000 100.000000 0.356616 0.002035 0.175108 0.035248 0.254305 0.084958 66.000000 40.000000 46.000000 152.000000 64235.241927 364.400900
865.000000 0.730675 0.290173 100.000000 100.000000 0.312078 0.046707 0.161526 0.099494 0.449320 0.018765 52.000000 36.000000 68.000000 156.000000 57891.905753 387.986028
840.000000 0.231198 0.795238 100.000000 100.000000 0.112682 0.074830 0.129223 0.086394 0.494312 0.087854 33.000000 33.000000 69.000000 135.000000 58045.226201 359.033120
349.000000 0.027520 0.962751 100.000000 100.000000 0.224842 0.053686 0.417548 0.057299 0.173024 0.058698 43.000000 63.000000 44.000000 150.000000 58049.391684 368.535133
558.000000 0.309459 0.681004 100.000000 100.000000 0.173322 0.008912 0.206858 0.079898 0.142787 0.089963 38.000000 54.000000 37.000000 129.000000 59520.596549 357.312419
32.000000 0.177747 0.750000 100.000000 100.000000 0.158965 0.039283 0.171927 0.056648 0.226589 0.020976 28.000000 39.000000 46.000000 113.000000 60113.243270 358.841287
270.000000 0.339519 0.596296 100.000000 100.000000 0.466194 0.030764 0.392694 0.057517 0.276941 0.027957 68.000000 59.000000 48.000000 175.000000 59592.216958 361.333821
996.000000 0.719552 0.284137 100.000000 100.000000 0.134171 0.051994 0.494897 0.076686 0.323458 0.058052 27.000000 76.000000 58.000000 161.000000 63123.107799 343.154860
260.000000 0.884411 0.107692 100.000000 100.000000 0.294694 0.029636 0.135572 0.057071 0.330038 0.063748 53.000000 34.000000 53.000000 140.000000 64857.359481 370.906920
686.000000 0.951747 0.052478 100.000000 100.000000 0.188236 0.002910 0.482454 0.044141 0.200786 0.075344 49.000000 70.000000 49.000000 168.000000 35761.062290 521.268489
536.000000 0.265240 0.740672 100.000000 100.000000 0.202741 0.088627 0.251019 0.091785 0.204680 0.044001 44.000000 47.000000 45.000000 136.000000 60589.298753 399.190124
201.000000 0.244312 0.800995 100.000000 100.000000 0.189183 0.016016 0.363832 0.024088 0.208281 0.057644 39.000000 63.000000 49.000000 151.000000 60431.435055 393.749528
876.000000 0.607274 0.389269 100.000000 100.000000 0.360219 0.046336 0.153734 0.073706 0.103683 0.075025 59.000000 42.000000 27.000000 128.000000 64154.515218 369.947457
226.000000 0.377866 0.579646 100.000000 100.000000 0.444817 0.079654 0.347401 0.036682 0.442587 0.016968 72.000000 61.000000 65.000000 198.000000 63384.334057 368.535713
691.000000 0.201635 0.808973 100.000000 100.000000 0.345249 0.088812 0.317947 0.075234 0.448288 0.060539 60.000000 61.000000 66.000000 187.000000 64660.380809 338.957403
741.000000 0.211490 0.817814 100.000000 100.000000 0.134393 0.051151 0.255039 0.012954 0.196962 0.036644 40.000000 61.000000 41.000000 142.000000 61981.134874 348.828776
442.000000 0.200715 0.807692 100.000000 100.000000 0.424610 0.041808 0.343628 0.031062 0.489233 0.065871 58.000000 53.000000 75.000000 186.000000 61740.639138 346.906755
19.000000 0.304831 0.631579 100.000000 100.000000 0.193380 0.029670 0.476996 0.061123 0.408445 0.042391 35.000000 69.000000 66.000000 170.000000 61616.725483 346.656985
232.000000 0.508185 0.521552 100.000000 100.000000 0.389842 0.007666 0.291719 0.045216 0.250669 0.056837 58.000000 54.000000 47.000000 159.000000 60172.440107 349.931057
973.000000 0.630666 0.372045 100.000000 100.000000 0.421063 0.060032 0.325193 0.026833 0.237251 0.005909 62.000000 58.000000 42.000000 162.000000 62074.780600 370.601404
483.000000 0.837578 0.171843 100.000000 100.000000 0.219512 0.018803 0.476118 0.059986 0.184764 0.053520 42.000000 71.000000 46.000000 159.000000 60682.942733 396.460961
509.000000 0.381723 0.597250 100.000000 100.000000 0.161435 0.062355 0.322286 0.035827 0.287872 0.089612 34.000000 53.000000 58.000000 145.000000 61294.108384 379.223397
565.000000 0.768251 0.214159 100.000000 100.000000 0.427378 0.099056 0.361256 0.059030 0.325909 0.032847 64.000000 52.000000 55.000000 171.000000 61056.208348 390.095700
71.000000 0.934179 0.000000 100.000000 100.000000 0.165855 0.075167 0.195592 0.009130 0.361541 0.052951 40.000000 33.000000 57.000000 130.000000 59509.878352 378.792080
375.000000 0.948488 0.069333 100.000000 100.000000 0.300879 0.024064 0.184936 0.044166 0.235492 0.081659 53.000000 39.000000 45.000000 137.000000 50471.320410 463.613617
154.000000 0.323792 0.642857 100.000000 100.000000 0.285092 0.098029 0.454470 0.011849 0.355806 0.093901 55.000000 66.000000 61.000000 182.000000 60024.836394 439.807100
613.000000 0.569201 0.456770 100.000000 100.000000 0.119480 0.057153 0.379443 0.048710 0.138963 0.051263 25.000000 55.000000 35.000000 115.000000 59640.953798 356.041738
571.000000 0.439629 0.574431 100.000000 100.000000 0.461031 0.084461 0.331834 0.063889 0.280870 0.011093 69.000000 56.000000 49.000000 174.000000 62206.234607 339.473268
825.000000 0.810007 0.170909 100.000000 100.000000 0.350672 0.078256 0.432822 0.062713 0.126847 0.035283 72.000000 62.000000 33.000000 167.000000 60962.847610 403.370261
91.000000 0.358904 0.593407 100.000000 100.000000 0.353105 0.011294 0.369927 0.085955 0.495226 0.064457 56.000000 57.000000 66.000000 179.000000 61953.040303 404.076847
726.000000 0.965434 0.038567 100.000000 100.000000 0.117251 0.005730 0.136163 0.084091 0.255677 0.049863 30.000000 37.000000 49.000000 116.000000 20783.160636 592.362344
32.000000 0.883042 0.093750 100.000000 100.000000 0.202109 0.029240 0.303227 0.038272 0.160990 0.009860 37.000000 47.000000 41.000000 125.000000 20741.228201 592.471278
531.000000 0.802765 0.178908 100.000000 100.000000 0.266129 0.008466 0.199345 0.034966 0.185339 0.023444 41.000000 40.000000 37.000000 118.000000 63445.521586 467.632444
99.000000 0.064050 0.898990 100.000000 100.000000 0.338934 0.049788 0.281884 0.043037 0.359629 0.033601 58.000000 46.000000 60.000000 164.000000 69441.610457 452.006276
735.000000 0.174188 0.789116 100.000000 100.000000 0.156978 0.058509 0.235726 0.007587 0.121300 0.086812 33.000000 49.000000 37.000000 119.000000 61857.445938 394.088005
309.000000 0.390657 0.572816 100.000000 100.000000 0.429941 0.076691 0.285059 0.028375 0.477492 0.071048 57.000000 52.000000 68.000000 177.000000 62326.424971 394.190157
593.000000 0.603417 0.397976 100.000000 100.000000 0.243601 0.063635 0.178848 0.074561 0.258398 0.002381 53.000000 41.000000 41.000000 135.000000 62458.486151 411.141342
586.000000 0.521448 0.479522 100.000000 100.000000 0.123658 0.098316 0.345670 0.007454 0.434635 0.046367 33.000000 59.000000 70.000000 162.000000 62964.532776 393.927305
409.000000 0.903074 0.092910 100.000000 100.000000 0.271775 0.096068 0.474362 0.057712 0.137403 0.075779 47.000000 64.000000 38.000000 149.000000 46710.203257 500.396596
62.000000 0.643307 0.387097 100.000000 100.000000 0.348871 0.006605 0.443509 0.092984 0.202158 0.040249 56.000000 72.000000 46.000000 174.000000 47354.286704 510.301381
288.000000 0.391105 0.611111 100.000000 100.000000 0.201887 0.030082 0.143085 0.003003 0.287485 0.031268 47.000000 29.000000 61.000000 137.000000 59160.270671 441.291802
865.000000 0.189616 0.819653 100.000000 100.000000 0.223449 0.088315 0.135266 0.004170 0.302440 0.080388 40.000000 30.000000 54.000000 124.000000 61110.842088 358.767588
189.000000 0.076691 0.952381 100.000000 100.000000 0.266742 0.095361 0.400201 0.010188 0.324537 0.067942 44.000000 69.000000 44.000000 157.000000 62116.185750 348.152259
50.000000 0.016745 1.000000 100.000000 100.000000 0.115059 0.044342 0.106137 0.075408 0.465294 0.087924 33.000000 38.000000 77.000000 148.000000 62116.185750 348.152259
71.000000 0.852061 0.154930 100.000000 100.000000 0.388598 0.059384 0.143072 0.016481 0.467781 0.077198 62.000000 33.000000 68.000000 163.000000 59105.885178 349.539615
374.000000 0.526998 0.473262 100.000000 100.000000 0.424239 0.025562 0.449851 0.070400 0.128032 0.088608 58.000000 66.000000 37.000000 161.000000 60340.564261 368.264982
163.000000 0.532547 0.503067 100.000000 100.000000 0.324819 0.051808 0.154033 0.034346 0.221429 0.031850 50.000000 43.000000 44.000000 137.000000 63323.622746 380.870037
771.000000 0.512814 0.501946 100.000000 100.000000 0.369784 0.085908 0.421581 0.063991 0.385011 0.005410 64.000000 59.000000 65.000000 188.000000 61863.107593 366.396321
478.000000 0.292986 0.709205 100.000000 100.000000 0.105643 0.021858 0.371924 0.010517 0.271663 0.057209 33.000000 56.000000 48.000000 137.000000 62251.506442 350.811725
885.000000 0.696460 0.310734 100.000000 100.000000 0.187957 0.040225 0.362121 0.073644 0.329885 0.067647 37.000000 62.000000 56.000000 155.000000 63008.317274 368.254756
595.000000 0.435498 0.606723 100.000000 100.000000 0.206530 0.042052 0.176533 0.011574 0.234659 0.072199 41.000000 41.000000 45.000000 127.000000 59945.391221 360.352375
985.000000 0.880404 0.132995 100.000000 100.000000 0.120761 0.095471 0.341345 0.033383 0.414755 0.070364 26.000000 56.000000 64.000000 146.000000 62285.032364 386.572625
527.000000 0.761781 0.250474 100.000000 100.000000 0.206158 0.025806 0.282756 0.050912 0.273458 0.094937 45.000000 53.000000 55.000000 153.000000 66384.373326 348.544566
484.000000 0.505423 0.495868 100.000000 100.000000 0.227925 0.064654 0.368762 0.011701 0.373505 0.072832 44.000000 70.000000 68.000000 182.000000 68638.378888 356.825080
808.000000 0.097793 0.908416 100.000000 100.000000 0.314363 0.061657 0.364996 0.098343 0.330002 0.049269 60.000000 63.000000 53.000000 176.000000 59135.533972 400.210907
855.000000 0.689840 0.322807 100.000000 100.000000 0.309422 0.015511 0.464279 0.040984 0.207436 0.010998 53.000000 65.000000 44.000000 162.000000 61224.386851 401.353005
681.000000 0.619741 0.350954 100.000000 100.000000 0.253964 0.099225 0.194440 0.020398 0.459524 0.015396 42.000000 31.000000 66.000000 139.000000 60676.365002 419.174005
34.000000 0.550886 0.382353 100.000000 100.000000 0.210523 0.075091 0.195872 0.088986 0.349730 0.029172 54.000000 37.000000 61.000000 152.000000 60809.730061 420.145935
76.000000 0.560890 0.434211 100.000000 100.000000 0.456982 0.087895 0.352305 0.051249 0.168403 0.025016 71.000000 60.000000 40.000000 171.000000 61121.546791 421.682632
657.000000 0.071914 0.933029 100.000000 100.000000 0.229485 0.065655 0.450997 0.065870 0.120197 0.099629 48.000000 74.000000 30.000000 152.000000 62683.315783 394.835353
78.000000 0.310853 0.692308 100.000000 100.000000 0.242654 0.050529 0.297470 0.094613 0.250903 0.020081 41.000000 56.000000 46.000000 143.000000 62548.948261 401.162345
398.000000 0.533766 0.467337 100.000000 100.000000 0.360089 0.001740 0.167035 0.028603 0.320479 0.065998 55.000000 44.000000 60.000000 159.000000 65255.532957 379.031435
757.000000 0.337976 0.653897 100.000000 100.000000 0.339547 0.037683 0.482740 0.018259 0.498827 0.078099 57.000000 70.000000 69.000000 196.000000 64071.510263 366.586237
244.000000 0.795375 0.196721 100.000000 100.000000 0.124271 0.086211 0.146526 0.081676 0.173833 0.090865 24.000000 43.000000 42.000000 109.000000 61868.596781 400.081670
734.000000 0.588462 0.414169 100.000000 100.000000 0.325822 0.028441 0.395601 0.048522 0.226320 0.043254 55.000000 65.000000 42.000000 162.000000 62839.826889 357.261274
151.000000 0.152340 0.867550 100.000000 100.000000 0.222781 0.037893 0.374220 0.093719 0.165846 0.006785 42.000000 59.000000 39.000000 140.000000 64834.991937 345.481991
308.000000 0.345989 0.646104 100.000000 100.000000 0.287414 0.005014 0.471194 0.065635 0.329393 0.064867 51.000000 69.000000 54.000000 174.000000 62759.669595 346.738794
817.000000 0.683370 0.324357 100.000000 100.000000 0.488203 0.041261 0.385779 0.032865 0.154985 0.073088 70.000000 57.000000 32.000000 159.000000 61145.497377 400.722308
78.000000 0.934030 0.089744 100.000000 100.000000 0.108540 0.024703 0.376250 0.083588 0.291544 0.033212 35.000000 69.000000 49.000000 153.000000 58155.083284 389.207790
631.000000 0.856241 0.122029 100.000000 100.000000 0.196593 0.085234 0.414908 0.060627 0.392130 0.065551 49.000000 62.000000 64.000000 175.000000 55140.675434 456.864362
646.000000 0.407901 0.613003 100.000000 100.000000 0.360943 0.060285 0.274970 0.018385 0.237673 0.078732 59.000000 55.000000 41.000000 155.000000 62472.319779 395.366632
564.000000 0.264642 0.734043 100.000000 100.000000 0.373480 0.084771 0.173651 0.092615 0.324689 0.064042 54.000000 26.000000 58.000000 138.000000 63623.236456 377.479329
124.000000 0.574427 0.443548 100.000000 100.000000 0.328682 0.040251 0.186673 0.066656 0.153296 0.078795 55.000000 43.000000 35.000000 133.000000 60046.486914 403.506026
828.000000 0.604637 0.408213 100.000000 100.000000 0.278870 0.013567 0.191851 0.068818 0.357448 0.036529 47.000000 38.000000 53.000000 138.000000 62249.338192 395.061609
555.000000 0.350593 0.618018 100.000000 100.000000 0.290608 0.042035 0.342789 0.088494 0.124666 0.038210 45.000000 59.000000 29.000000 133.000000 65102.308025 399.573715
412.000000 0.910290 0.094660 100.000000 100.000000 0.379571 0.025638 0.449572 0.089544 0.139843 0.013388 58.000000 67.000000 30.000000 155.000000 54602.763861 490.640873
481.000000 0.087616 0.906445 100.000000 100.000000 0.433841 0.056169 0.130953 0.016622 0.102264 0.058455 70.000000 31.000000 24.000000 125.000000 65025.679622 403.590048
79.000000 0.557207 0.430380 100.000000 100.000000 0.374427 0.097878 0.455030 0.072562 0.332184 0.046342 60.000000 68.000000 52.000000 180.000000 64729.473882 419.320658
727.000000 0.293906 0.690509 100.000000 100.000000 0.426282 0.068862 0.346243 0.054689 0.230718 0.051877 68.000000 55.000000 43.000000 166.000000 64296.072779 401.932661
11.000000 0.719254 0.090909 100.000000 100.000000 0.419540 0.050066 0.456213 0.027600 0.183462 0.018572 66.000000 62.000000 40.000000 168.000000 64240.963301 400.920427
309.000000 0.390657 0.572816 100.000000 100.000000 0.429941 0.076691 0.285059 0.028375 0.477492 0.071048 57.000000 52.000000 68.000000 177.000000 64138.477916 407.919115
902.000000 0.408673 0.586475 100.000000 100.000000 0.224267 0.056825 0.429947 0.038014 0.126730 0.053661 49.000000 64.000000 33.000000 146.000000 63161.610511 389.232171
408.000000 0.328247 0.720588 100.000000 100.000000 0.230971 0.084587 0.106723 0.010166 0.481081 0.047504 45.000000 29.000000 73.000000 147.000000 66859.016448 367.311126
643.000000 0.531153 0.466563 100.000000 100.000000 0.255487 0.010191 0.463420 0.019631 0.113312 0.002732 57.000000 67.000000 26.000000 150.000000 64063.832472 381.639153
878.000000 0.614491 0.370159 100.000000 100.000000 0.468015 0.074906 0.128943 0.006537 0.106123 0.012634 72.000000 25.000000 31.000000 128.000000 64914.790441 385.514599
128.000000 0.943884 0.054688 100.000000 100.000000 0.297684 0.086043 0.313342 0.021307 0.440218 0.009316 54.000000 47.000000 66.000000 167.000000 60173.067417 374.055274
697.000000 0.451523 0.529412 100.000000 100.000000 0.102262 0.075714 0.153441 0.007327 0.295789 0.045735 22.000000 30.000000 50.000000 102.000000 68627.902475 370.994237
630.000000 0.822474 0.177778 100.000000 100.000000 0.244418 0.032145 0.473529 0.009405 0.482688 0.074653 47.000000 69.000000 74.000000 190.000000 60409.452277 369.652330
467.000000 0.252151 0.794433 100.000000 100.000000 0.102987 0.089662 0.274677 0.051006 0.429780 0.049442 30.000000 48.000000 75.000000 153.000000 60441.988689 358.576923
400.000000 0.824788 0.202500 100.000000 100.000000 0.234389 0.021766 0.138460 0.068293 0.149859 0.098440 54.000000 37.000000 36.000000 127.000000 59049.325111 370.917821
712.000000 0.249538 0.734551 100.000000 100.000000 0.398386 0.098114 0.171062 0.042034 0.222613 0.085176 61.000000 40.000000 42.000000 143.000000 67154.487351 375.938467
472.000000 0.502039 0.470339 100.000000 100.000000 0.260000 0.076564 0.110171 0.082099 0.277281 0.034637 53.000000 27.000000 46.000000 126.000000 66137.746421 372.235121
687.000000 0.750060 0.257642 100.000000 100.000000 0.198989 0.027237 0.138759 0.028933 0.267605 0.055265 44.000000 34.000000 45.000000 123.000000 68763.824333 401.901716
17.000000 0.297614 0.588235 100.000000 100.000000 0.485584 0.001100 0.101786 0.029292 0.406005 0.005782 68.000000 28.000000 69.000000 165.000000 68864.844458 402.980469
473.000000 0.125216 0.864693 100.000000 100.000000 0.125887 0.050739 0.188950 0.071074 0.317922 0.047767 28.000000 41.000000 59.000000 128.000000 69059.416225 386.408326
35.000000 0.972377 0.000000 100.000000 100.000000 0.487163 0.073593 0.330956 0.062752 0.457190 0.022222 76.000000 63.000000 73.000000 212.000000 67205.903860 377.973278
363.000000 0.321926 0.677686 100.000000 100.000000 0.467067 0.061800 0.247565 0.026590 0.498628 0.030334 73.000000 49.000000 65.000000 187.000000 70052.932170 402.158538
777.000000 0.303761 0.678250 100.000000 100.000000 0.215426 0.031202 0.283335 0.091409 0.379393 0.027982 45.000000 56.000000 58.000000 159.000000 60736.860275 399.928580
812.000000 0.056660 0.950739 100.000000 100.000000 0.197076 0.028533 0.229066 0.089747 0.348123 0.002023 44.000000 42.000000 63.000000 149.000000 61713.007499 403.459986
887.000000 0.823245 0.183766 100.000000 100.000000 0.107742 0.028685 0.228506 0.029034 0.371745 0.049582 22.000000 48.000000 62.000000 132.000000 55805.885116 431.774988
365.000000 0.695066 0.323288 100.000000 100.000000 0.118625 0.097609 0.271509 0.058929 0.221769 0.038530 31.000000 53.000000 38.000000 122.000000 63905.380553 393.493169
846.000000 0.563204 0.447991 100.000000 100.000000 0.446953 0.077516 0.417236 0.011136 0.235574 0.048803 69.000000 60.000000 52.000000 181.000000 63166.699233 376.026795
668.000000 0.452121 0.541916 100.000000 100.000000 0.331524 0.079570 0.230809 0.006498 0.175780 0.025694 54.000000 37.000000 33.000000 124.000000 61618.569799 398.701598
462.000000 0.084381 0.922078 100.000000 100.000000 0.123231 0.019543 0.491703 0.012563 0.476038 0.040000 32.000000 72.000000 64.000000 168.000000 63522.814528 390.413434
567.000000 0.059272 0.947090 100.000000 100.000000 0.301678 0.020082 0.332680 0.098719 0.155290 0.065289 49.000000 55.000000 40.000000 144.000000 63400.402661 402.731148
675.000000 0.205617 0.795556 100.000000 100.000000 0.142435 0.080757 0.253907 0.004006 0.424502 0.078693 36.000000 50.000000 69.000000 155.000000 65423.097737 392.300097
564.000000 0.887820 0.129433 100.000000 100.000000 0.239366 0.058946 0.252431 0.081589 0.365330 0.077173 50.000000 50.000000 59.000000 159.000000 59366.343101 426.223234
904.000000 0.699695 0.307522 100.000000 100.000000 0.498567 0.076851 0.401371 0.077703 0.356111 0.086102 67.000000 60.000000 62.000000 189.000000 63104.037443 391.043381
745.000000 0.416710 0.546309 100.000000 100.000000 0.148880 0.065377 0.276668 0.081306 0.296364 0.015658 39.000000 56.000000 53.000000 148.000000 63611.679511 368.048413
426.000000 0.286814 0.704225 100.000000 100.000000 0.399054 0.049535 0.332108 0.051484 0.359207 0.059778 74.000000 65.000000 61.000000 200.000000 63466.504059 349.688955
251.000000 0.254166 0.697211 100.000000 100.000000 0.378327 0.077355 0.300924 0.060808 0.356955 0.033749 66.000000 60.000000 58.000000 184.000000 62787.760265 353.718587
879.000000 0.484022 0.505119 100.000000 100.000000 0.465674 0.096430 0.365283 0.072460 0.228044 0.052025 77.000000 70.000000 45.000000 192.000000 65133.634873 388.153837
756.000000 0.091622 0.896825 100.000000 100.000000 0.207774 0.089334 0.325180 0.040310 0.417546 0.051839 47.000000 54.000000 61.000000 162.000000 65280.703695 390.518500
845.000000 0.693673 0.304142 100.000000 100.000000 0.449293 0.055992 0.180897 0.044213 0.113652 0.009412 67.000000 50.000000 32.000000 149.000000 61359.207669 416.692068
