815.000000 0.905792 0.090798 100.000000 100.000000 0.009142 0.263493 0.001066 0.516180 0.005514 0.339249 8.000000 1.000000 9.000000 18.000000 42029.553988 406.978349
15.000000 0.135656 0.733333 100.000000 100.000000 0.005009 0.327898 0.002951 0.536187 0.008247 0.532614 3.000000 4.000000 3.000000 10.000000 41465.381209 400.787728
63.000000 0.216746 0.714286 100.000000 100.000000 0.002664 0.370158 0.000188 0.531142 0.003961 0.404898 3.000000 1.000000 3.000000 7.000000 40338.931860 391.048458
335.000000 0.118843 0.853731 100.000000 100.000000 0.009448 0.460901 0.001425 0.674735 0.001663 0.306246 11.000000 2.000000 1.000000 14.000000 39722.848534 357.287160
341.000000 0.915267 0.090909 100.000000 100.000000 0.001611 0.204062 0.009992 0.375190 0.002026 0.685114 3.000000 7.000000 5.000000 15.000000 42670.607666 340.212063
739.000000 0.107181 0.879567 100.000000 100.000000 0.006000 0.353744 0.004160 0.455048 0.003880 0.500291 7.000000 5.000000 1.000000 13.000000 36559.115878 351.955685
437.000000 0.515532 0.503432 100.000000 100.000000 0.005152 0.334897 0.008040 0.690643 0.002817 0.333885 4.000000 13.000000 2.000000 19.000000 39706.347853 366.307057
784.000000 0.633627 0.359694 100.000000 100.000000 0.004380 0.373743 0.008913 0.686254 0.009499 0.549759 5.000000 9.000000 8.000000 22.000000 37943.108290 378.858779
27.000000 0.787757 0.222222 100.000000 100.000000 0.006021 0.462222 0.005466 0.353571 0.000621 0.419068 5.000000 6.000000 1.000000 12.000000 38402.790287 377.480376
61.000000 0.711229 0.245902 100.000000 100.000000 0.009473 0.580777 0.001954 0.561865 0.009865 0.677698 9.000000 2.000000 14.000000 25.000000 37579.774383 382.602006
203.000000 0.800122 0.226601 100.000000 100.000000 0.001886 0.373771 0.005936 0.529087 0.004184 0.373046 5.000000 7.000000 4.000000 16.000000 36430.246959 375.932267
273.000000 0.795254 0.183150 100.000000 100.000000 0.001494 0.481384 0.002432 0.368423 0.003963 0.214024 4.000000 2.000000 2.000000 8.000000 40135.494586 363.109790
724.000000 0.986826 0.009669 100.000000 100.000000 0.009757 0.220095 0.001250 0.348731 0.005215 0.250841 9.000000 2.000000 4.000000 15.000000 27766.764149 285.014526
879.000000 0.693322 0.306030 100.000000 100.000000 0.003035 0.641323 0.001160 0.239172 0.006273 0.418662 4.000000 2.000000 5.000000 11.000000 39547.740798 360.106928
511.000000 0.068831 0.945205 100.000000 100.000000 0.009391 0.273731 0.009487 0.429714 0.003452 0.409747 9.000000 12.000000 7.000000 28.000000 37221.148719 373.039737
264.000000 0.209279 0.791667 100.000000 100.000000 0.007678 0.254242 0.000218 0.206906 0.008577 0.652210 5.000000 1.000000 18.000000 24.000000 38240.550103 376.283621
870.000000 0.675302 0.325287 100.000000 100.000000 0.003965 0.610097 0.004654 0.288436 0.006087 0.441006 4.000000 4.000000 5.000000 13.000000 41473.247190 361.797022
235.000000 0.952544 0.051064 100.000000 100.000000 0.008226 0.400358 0.009894 0.496394 0.008241 0.323753 8.000000 11.000000 7.000000 26.000000 27425.289023 272.120216
514.000000 0.254788 0.741245 100.000000 100.000000 0.002187 0.313292 0.003480 0.477246 0.001981 0.639079 5.000000 7.000000 3.000000 15.000000 39397.514910 348.143197
635.000000 0.815108 0.176378 100.000000 100.000000 0.009488 0.458135 0.004530 0.457733 0.007779 0.287397 11.000000 5.000000 3.000000 19.000000 46297.829204 348.831885
769.000000 0.210892 0.775033 100.000000 100.000000 0.005177 0.433817 0.002022 0.264562 0.005470 0.481238 8.000000 1.000000 6.000000 15.000000 39362.277808 368.431163
541.000000 0.220423 0.780037 100.000000 100.000000 0.007597 0.525690 0.003016 0.222737 0.007193 0.286265 8.000000 3.000000 6.000000 17.000000 39926.375573 367.216419
918.000000 0.699396 0.283224 100.000000 100.000000 0.007127 0.573348 0.006602 0.339485 0.002974 0.430419 12.000000 6.000000 3.000000 21.000000 39278.612990 356.297960
210.000000 0.169261 0.809524 100.000000 100.000000 0.009070 0.585551 0.009188 0.390543 0.003737 0.693734 14.000000 5.000000 5.000000 24.000000 40653.678040 351.710725
878.000000 0.155550 0.846241 100.000000 100.000000 0.001502 0.363121 0.001466 0.209405 0.003887 0.447527 7.000000 1.000000 5.000000 13.000000 39657.048057 361.603819
725.000000 0.543944 0.446897 100.000000 100.000000 0.003580 0.231456 0.007552 0.252144 0.001293 0.481880 3.000000 6.000000 1.000000 10.000000 43263.111271 352.211380
212.000000 0.001342 1.000000 100.000000 100.000000 0.008152 0.476546 0.009130 0.572431 0.003150 0.546353 8.000000 5.000000 8.000000 21.000000 41713.375002 363.673983
309.000000 0.308538 0.689320 100.000000 100.000000 0.003879 0.502564 0.003380 0.375383 0.002172 0.676236 7.000000 4.000000 6.000000 17.000000 41928.373556 354.965706
754.000000 0.554246 0.438992 100.000000 100.000000 0.002617 0.305856 0.002481 0.309456 0.000270 0.660285 3.000000 1.000000 1.000000 5.000000 43018.897893 373.102407
61.000000 0.139698 0.918033 100.000000 100.000000 0.004926 0.656164 0.003959 0.334182 0.002598 0.555782 9.000000 2.000000 2.000000 13.000000 43064.800655 368.055376
474.000000 0.710942 0.267932 100.000000 100.000000 0.006462 0.603065 0.008245 0.347166 0.002894 0.656187 8.000000 6.000000 4.000000 18.000000 41174.061745 370.488631
974.000000 0.757451 0.218686 100.000000 100.000000 0.006061 0.439858 0.002367 0.605165 0.004533 0.633553 9.000000 4.000000 4.000000 17.000000 39152.300505 370.772647
515.000000 0.135219 0.869903 100.000000 100.000000 0.006841 0.515871 0.006173 0.363313 0.001006 0.415211 12.000000 3.000000 1.000000 16.000000 42231.646126 346.730548
772.000000 0.135991 0.848446 100.000000 100.000000 0.003458 0.498398 0.000109 0.462450 0.008160 0.288589 3.000000 1.000000 6.000000 10.000000 40473.321524 337.065367
639.000000 0.113346 0.904538 100.000000 100.000000 0.009045 0.203567 0.003209 0.318948 0.003616 0.636138 6.000000 1.000000 5.000000 12.000000 39127.078541 340.244314
751.000000 0.300675 0.684421 100.000000 100.000000 0.006588 0.422427 0.009095 0.260062 0.008098 0.342762 7.000000 7.000000 4.000000 18.000000 39662.416830 341.409720
825.000000 0.892125 0.120000 100.000000 100.000000 0.000791 0.669896 0.009637 0.474557 0.008035 0.250687 1.000000 7.000000 4.000000 12.000000 36535.483501 330.363581
663.000000 0.661174 0.328808 100.000000 100.000000 0.009651 0.373111 0.006759 0.589292 0.002115 0.210716 5.000000 8.000000 1.000000 14.000000 39154.737017 343.712350
991.000000 0.917706 0.085772 100.000000 100.000000 0.009955 0.639965 0.006551 0.390654 0.009763 0.296953 14.000000 5.000000 5.000000 24.000000 41859.487052 351.796426
345.000000 0.188223 0.794203 100.000000 100.000000 0.001439 0.430801 0.008630 0.641687 0.002435 0.453889 4.000000 14.000000 3.000000 21.000000 38327.502362 343.887830
869.000000 0.607424 0.388953 100.000000 100.000000 0.007959 0.683840 0.006859 0.691155 0.001924 0.673558 18.000000 7.000000 5.000000 30.000000 38209.991023 373.509591
603.000000 0.233662 0.754561 100.000000 100.000000 0.001584 0.275330 0.007859 0.552644 0.003354 0.358485 4.000000 8.000000 3.000000 15.000000 37900.148644 358.465214
972.000000 0.750234 0.248971 100.000000 100.000000 0.003393 0.295565 0.002980 0.444401 0.004473 0.448660 2.000000 4.000000 6.000000 12.000000 39676.411705 353.547542
502.000000 0.381872 0.627490 100.000000 100.000000 0.003039 0.264744 0.001130 0.499848 0.006482 0.247232 2.000000 4.000000 5.000000 11.000000 39989.167567 365.173689
791.000000 0.221344 0.788875 100.000000 100.000000 0.005633 0.263086 0.002380 0.445827 0.006180 0.259339 4.000000 1.000000 5.000000 10.000000 39018.387443 352.521087
954.000000 0.791667 0.206499 100.000000 100.000000 0.009133 0.472592 0.007302 0.235721 0.007489 0.386671 7.000000 3.000000 5.000000 15.000000 44359.197897 336.545681
186.000000 0.539315 0.456989 100.000000 100.000000 0.004077 0.336294 0.004338 0.657322 0.007868 0.241613 2.000000 5.000000 7.000000 14.000000 40098.337818 346.210903
164.000000 0.659332 0.347561 100.000000 100.000000 0.003679 0.398321 0.008030 0.643113 0.004141 0.264569 5.000000 7.000000 2.000000 14.000000 42115.271023 341.601656
849.000000 0.522070 0.478210 100.000000 100.000000 0.005784 0.419152 0.004587 0.207778 0.003904 0.202808 5.000000 2.000000 3.000000 10.000000 40854.596569 338.880338
195.000000 0.912306 0.092308 100.000000 100.000000 0.003934 0.262277 0.009402 0.696696 0.009184 0.683308 2.000000 8.000000 10.000000 20.000000 38333.381511 327.736931
500.000000 0.090851 0.926000 100.000000 100.000000 0.006150 0.663605 0.001838 0.299398 0.000805 0.583384 8.000000 1.000000 1.000000 10.000000 39191.091837 336.908449
283.000000 0.846512 0.155477 100.000000 100.000000 0.009703 0.362312 0.008488 0.460274 0.006891 0.371497 10.000000 10.000000 6.000000 26.000000 38881.504326 335.312096
42.000000 0.054345 0.976190 100.000000 100.000000 0.002751 0.391476 0.001687 0.350805 0.004579 0.585032 3.000000 2.000000 4.000000 9.000000 38747.250017 333.809833
181.000000 0.453664 0.524862 100.000000 100.000000 0.008965 0.561870 0.001109 0.426040 0.006384 0.571471 6.000000 1.000000 11.000000 18.000000 38830.718146 328.724674
120.000000 0.604661 0.358333 100.000000 100.000000 0.003952 0.471654 0.008765 0.521886 0.004964 0.254337 2.000000 7.000000 3.000000 12.000000 39564.942460 338.710199
600.000000 0.897973 0.075000 100.000000 100.000000 0.001168 0.312189 0.003273 0.540374 0.003911 0.663420 1.000000 8.000000 3.000000 12.000000 34798.031425 331.889991
958.000000 0.291592 0.709812 100.000000 100.000000 0.008424 0.595158 0.004587 0.673745 0.001673 0.336823 6.000000 9.000000 1.000000 16.000000 41509.322299 352.590298
361.000000 0.102123 0.908587 100.000000 100.000000 0.002072 0.391771 0.008915 0.538546 0.005653 0.484660 4.000000 9.000000 6.000000 19.000000 40314.006258 352.261471
141.000000 0.991936 0.000000 100.000000 100.000000 0.007726 0.431355 0.007174 0.258836 0.004667 0.466123 5.000000 4.000000 5.000000 14.000000 47836.587019 401.198945
35.000000 0.349199 0.457143 100.000000 100.000000 0.003102 0.697064 0.003866 0.567567 0.007935 0.240870 5.000000 2.000000 4.000000 11.000000 45928.403425 390.475186
677.000000 0.119816 0.878877 100.000000 100.000000 0.004620 0.573519 0.005152 0.359949 0.004914 0.322553 8.000000 8.000000 7.000000 23.000000 41423.037539 357.029173
215.000000 0.161895 0.869767 100.000000 100.000000 0.004983 0.686389 0.004373 0.605826 0.001944 0.409145 4.000000 1.000000 3.000000 8.000000 41003.977831 356.043963
899.000000 0.614043 0.398220 100.000000 100.000000 0.004953 0.308660 0.004330 0.356108 0.004954 0.459668 5.000000 3.000000 6.000000 14.000000 37783.822377 345.349863
469.000000 0.084231 0.916844 100.000000 100.000000 0.009156 0.538785 0.004366 0.634445 0.007675 0.297274 10.000000 5.000000 6.000000 21.000000 40790.678419 351.559326
244.000000 0.877493 0.106557 100.000000 100.000000 0.005088 0.210070 0.002551 0.570329 0.009198 0.531407 6.000000 2.000000 11.000000 19.000000 39259.988689 363.617371
813.000000 0.183445 0.795818 100.000000 100.000000 0.000517 0.280771 0.009887 0.422913 0.007277 0.613926 2.000000 8.000000 11.000000 21.000000 39367.143963 354.334490
667.000000 0.407453 0.589205 100.000000 100.000000 0.002303 0.234814 0.007944 0.415946 0.008210 0.293497 2.000000 7.000000 7.000000 16.000000 41635.427750 360.571189
917.000000 0.408374 0.605234 100.000000 100.000000 0.000338 0.472209 0.007309 0.639035 0.007197 0.266571 2.000000 11.000000 6.000000 19.000000 40623.978695 367.172985
723.000000 0.454609 0.535270 100.000000 100.000000 0.006425 0.507450 0.006865 0.628503 0.003862 0.419444 7.000000 9.000000 3.000000 19.000000 40559.966673 368.900593
562.000000 0.432562 0.553381 100.000000 100.000000 0.007786 0.232093 0.001980 0.480811 0.006249 0.665777 7.000000 3.000000 7.000000 17.000000 42280.566463 359.711883
653.000000 0.571988 0.415008 100.000000 100.000000 0.004014 0.403974 0.001602 0.589604 0.006416 0.247975 6.000000 2.000000 3.000000 11.000000 37700.915637 366.487655
884.000000 0.569674 0.426471 100.000000 100.000000 0.004262 0.456394 0.009894 0.292193 0.004754 0.627842 4.000000 5.000000 5.000000 14.000000 39235.972414 359.172192
377.000000 0.605433 0.379310 100.000000 100.000000 0.000569 0.454181 0.002701 0.621023 0.002218 0.627715 2.000000 4.000000 4.000000 10.000000 38107.112305 377.432482
570.000000 0.230725 0.780702 100.000000 100.000000 0.006634 0.600091 0.007845 0.280049 0.006170 0.464670 11.000000 9.000000 10.000000 30.000000 38502.503366 359.489087
316.000000 0.308389 0.715190 100.000000 100.000000 0.002460 0.247696 0.007852 0.251430 0.000440 0.576541 3.000000 10.000000 2.000000 15.000000 39771.959802 362.237037
296.000000 0.342605 0.689189 100.000000 100.000000 0.005532 0.280429 0.002887 0.381986 0.003396 0.329658 8.000000 2.000000 2.000000 12.000000 38072.015390 362.232612
650.000000 0.236299 0.781538 100.000000 100.000000 0.003598 0.440833 0.006916 0.577334 0.006973 0.552909 3.000000 10.000000 7.000000 20.000000 41003.801766 369.356801
116.000000 0.694145 0.258621 100.000000 100.000000 0.002525 0.450528 0.004980 0.269480 0.004127 0.416470 2.000000 4.000000 4.000000 10.000000 40741.342952 380.300445
658.000000 0.034463 0.971125 100.000000 100.000000 0.002445 0.308831 0.002880 0.376572 0.006895 0.351802 5.000000 5.000000 7.000000 17.000000 41038.679026 363.085386
514.000000 0.090552 0.906615 100.000000 100.000000 0.003313 0.653868 0.000880 0.551493 0.007240 0.383992 4.000000 2.000000 5.000000 11.000000 40795.078270 362.510156
998.000000 0.753320 0.231463 100.000000 100.000000 0.009662 0.225673 0.008423 0.340948 0.003389 0.442171 5.000000 5.000000 2.000000 12.000000 38724.174684 356.343958
764.000000 0.255709 0.725131 100.000000 100.000000 0.000223 0.550688 0.002844 0.200335 0.000968 0.612152 1.000000 2.000000 2.000000 5.000000 39823.303143 368.820210
901.000000 0.364005 0.640400 100.000000 100.000000 0.009548 0.619943 0.002973 0.575120 0.006996 0.434744 13.000000 4.000000 3.000000 20.000000 39135.590733 330.402962
342.000000 0.568729 0.394737 100.000000 100.000000 0.006802 0.510813 0.004138 0.589731 0.007275 0.279869 8.000000 6.000000 5.000000 19.000000 39611.229285 333.888258
526.000000 0.093936 0.914449 100.000000 100.000000 0.002519 0.593712 0.007280 0.695946 0.009622 0.576895 6.000000 9.000000 11.000000 26.000000 42064.820659 343.965074
101.000000 0.731895 0.287129 100.000000 100.000000 0.006222 0.677974 0.001945 0.668441 0.001297 0.462186 6.000000 4.000000 1.000000 11.000000 40929.555720 343.226823
827.000000 0.642087 0.403869 100.000000 100.000000 0.005387 0.481178 0.008280 0.693569 0.000177 0.225763 5.000000 12.000000 1.000000 18.000000 38110.504894 340.993514
751.000000 0.677498 0.311585 100.000000 100.000000 0.009907 0.552859 0.007145 0.315747 0.007092 0.276448 11.000000 5.000000 4.000000 20.000000 41206.324962 345.495681
539.000000 0.388342 0.649351 100.000000 100.000000 0.008514 0.634695 0.003073 0.540849 0.007780 0.433646 12.000000 5.000000 6.000000 23.000000 41152.347408 359.516039
733.000000 0.965285 0.034106 100.000000 100.000000 0.009008 0.469022 0.005466 0.495696 0.002221 0.347088 9.000000 6.000000 6.000000 21.000000 29464.016098 300.868069
49.000000 0.513137 0.489796 100.000000 100.000000 0.009039 0.346751 0.005509 0.245414 0.009111 0.296564 12.000000 2.000000 4.000000 18.000000 30094.176653 310.442501
982.000000 0.167892 0.843177 100.000000 100.000000 0.006778 0.583551 0.003437 0.295595 0.009453 0.421573 9.000000 8.000000 4.000000 21.000000 37737.330893 358.732705
570.000000 0.018139 0.973684 100.000000 100.000000 0.002189 0.629083 0.002495 0.650117 0.001917 0.286071 6.000000 2.000000 2.000000 10.000000 38375.800468 348.454409
526.000000 0.552877 0.439163 100.000000 100.000000 0.000326 0.303856 0.006630 0.214508 0.005986 0.388124 2.000000 5.000000 6.000000 13.000000 37331.641787 361.874471
618.000000 0.819089 0.147249 100.000000 100.000000 0.004468 0.417452 0.002945 0.597997 0.007190 0.379084 6.000000 5.000000 5.000000 16.000000 36631.769259 347.355454
881.000000 0.857162 0.163451 100.000000 100.000000 0.000526 0.362820 0.007258 0.224238 0.006317 0.499090 2.000000 5.000000 7.000000 14.000000 38611.818570 336.950111
613.000000 0.192379 0.825449 100.000000 100.000000 0.007163 0.353172 0.008966 0.385277 0.002070 0.520170 6.000000 9.000000 5.000000 20.000000 37838.019296 355.905448
224.000000 0.288531 0.696429 100.000000 100.000000 0.001579 0.373236 0.005537 0.256570 0.001248 0.218210 4.000000 3.000000 1.000000 8.000000 39016.591144 347.411616
16.000000 0.428083 0.562500 100.000000 100.000000 0.009701 0.591800 0.004195 0.509943 0.004656 0.525206 5.000000 4.000000 5.000000 14.000000 39108.067302 348.407407
119.000000 0.488775 0.495798 100.000000 100.000000 0.000748 0.623813 0.008916 0.300312 0.009835 0.422764 2.000000 4.000000 8.000000 14.000000 38859.543730 346.864631
494.000000 0.299904 0.692308 100.000000 100.000000 0.009971 0.439900 0.005259 0.660925 0.000944 0.469384 10.000000 9.000000 1.000000 20.000000 37388.946117 346.681016
700.000000 0.246153 0.751429 100.000000 100.000000 0.008279 0.250628 0.005359 0.262787 0.000753 0.432227 5.000000 5.000000 2.000000 12.000000 37282.694084 349.506270
195.000000 0.289129 0.733333 100.000000 100.000000 0.007253 0.392709 0.007452 0.252381 0.008178 0.616993 3.000000 6.000000 5.000000 14.000000 38662.833992 348.942261
809.000000 0.519283 0.496910 100.000000 100.000000 0.002352 0.498781 0.000102 0.559136 0.008452 0.408688 5.000000 2.000000 5.000000 12.000000 40690.500284 347.854707
281.000000 0.178667 0.832740 100.000000 100.000000 0.009495 0.630742 0.001245 0.204139 0.002220 0.273964 12.000000 2.000000 3.000000 17.000000 41305.945094 351.412487
765.000000 0.841435 0.145098 100.000000 100.000000 0.005944 0.202546 0.008787 0.493594 0.008269 0.332142 5.000000 6.000000 5.000000 16.000000 35149.475582 394.439194
937.000000 0.161572 0.831377 100.000000 100.000000 0.002721 0.468467 0.006923 0.378547 0.009888 0.334854 3.000000 7.000000 8.000000 18.000000 40377.569732 358.702344
877.000000 0.569823 0.441277 100.000000 100.000000 0.005681 0.211262 0.005423 0.416146 0.006486 0.227537 3.000000 7.000000 5.000000 15.000000 38545.704233 353.032457
598.000000 0.148010 0.842809 100.000000 100.000000 0.006472 0.500906 0.004630 0.321362 0.001870 0.688344 6.000000 6.000000 3.000000 15.000000 39927.075971 349.984771
72.000000 0.475238 0.666667 100.000000 100.000000 0.003923 0.364437 0.003116 0.222500 0.000308 0.651152 2.000000 3.000000 1.000000 6.000000 39742.340245 348.347498
301.000000 0.685511 0.305648 100.000000 100.000000 0.008617 0.387864 0.006859 0.555021 0.002899 0.209618 6.000000 6.000000 5.000000 17.000000 40671.946872 362.472737
110.000000 0.444257 0.509091 100.000000 100.000000 0.008539 0.516679 0.009052 0.612444 0.007902 0.491241 5.000000 7.000000 1.000000 13.000000 39811.668228 358.051049
32.000000 0.800924 0.187500 100.000000 100.000000 0.008140 0.262915 0.003830 0.425364 0.004239 0.367205 9.000000 1.000000 3.000000 13.000000 40504.094744 364.411295
360.000000 0.609414 0.363889 100.000000 100.000000 0.005449 0.413499 0.001116 0.261287 0.001629 0.219401 5.000000 2.000000 2.000000 9.000000 39379.785631 341.655719
743.000000 0.043570 0.931359 100.000000 100.000000 0.009934 0.344285 0.003880 0.442262 0.001912 0.232641 7.000000 2.000000 3.000000 12.000000 40094.943629 357.383760
631.000000 0.527769 0.483360 100.000000 100.000000 0.004742 0.306577 0.002695 0.649642 0.007948 0.515844 2.000000 6.000000 4.000000 12.000000 43317.082213 357.239451
165.000000 0.987805 0.006061 100.000000 100.000000 0.001427 0.217169 0.003330 0.494619 0.003524 0.274741 1.000000 4.000000 2.000000 7.000000 42364.676037 366.407239
286.000000 0.794479 0.220280 100.000000 100.000000 0.002089 0.601148 0.008279 0.363736 0.001433 0.555689 4.000000 12.000000 4.000000 20.000000 34361.789395 389.054122
729.000000 0.584928 0.429355 100.000000 100.000000 0.005064 0.643878 0.005487 0.671605 0.009012 0.620804 11.000000 6.000000 13.000000 30.000000 41689.542293 374.425627
451.000000 0.868410 0.108647 100.000000 100.000000 0.006924 0.382801 0.007944 0.484012 0.002772 0.525468 11.000000 4.000000 4.000000 19.000000 44122.712959 372.404066
646.000000 0.490020 0.495356 100.000000 100.000000 0.001045 0.579131 0.005730 0.250680 0.000878 0.470128 3.000000 3.000000 1.000000 7.000000 41094.142643 352.590043
823.000000 0.354749 0.613609 100.000000 100.000000 0.000641 0.329620 0.006445 0.385478 0.000346 0.454210 4.000000 7.000000 1.000000 12.000000 38154.863310 369.027639
327.000000 0.442242 0.602446 100.000000 100.000000 0.001724 0.578835 0.008402 0.562939 0.009704 0.570499 5.000000 6.000000 10.000000 21.000000 37964.625990 354.402882
47.000000 0.434702 0.702128 100.000000 100.000000 0.006695 0.216620 0.001666 0.674896 0.007687 0.311316 4.000000 2.000000 6.000000 12.000000 36960.970751 356.186950
875.000000 0.655625 0.334857 100.000000 100.000000 0.002211 0.240555 0.004181 0.271381 0.009703 0.497375 2.000000 5.000000 8.000000 15.000000 41317.720386 384.145679
582.000000 0.021523 0.974227 100.000000 100.000000 0.001395 0.568928 0.008895 0.294570 0.004298 0.478974 2.000000 7.000000 14.000000 23.000000 38100.479101 355.028378
606.000000 0.028292 0.980198 100.000000 100.000000 0.009707 0.448616 0.001895 0.583477 0.009061 0.364780 8.000000 1.000000 7.000000 16.000000 39441.089468 361.785241
817.000000 0.601252 0.417381 100.000000 100.000000 0.005321 0.323625 0.005873 0.398060 0.004090 0.686535 5.000000 4.000000 4.000000 13.000000 35747.941542 346.494908
257.000000 0.925544 0.066148 100.000000 100.000000 0.007822 0.511917 0.004345 0.526603 0.005345 0.255528 13.000000 6.000000 5.000000 24.000000 40600.354516 358.934735
137.000000 0.070520 0.919708 100.000000 100.000000 0.001589 0.316355 0.006545 0.453307 0.007824 0.551067 3.000000 4.000000 8.000000 15.000000 43702.444440 367.608578
915.000000 0.658411 0.348634 100.000000 100.000000 0.005643 0.660926 0.008666 0.420023 0.005155 0.291495 7.000000 6.000000 2.000000 15.000000 37094.808001 343.718461
596.000000 0.021224 0.974832 100.000000 100.000000 0.008458 0.559191 0.007937 0.546665 0.000834 0.279582 11.000000 5.000000 1.000000 17.000000 35177.650413 344.423111
290.000000 0.010599 0.989655 100.000000 100.000000 0.007159 0.266868 0.005659 0.262074 0.009800 0.526887 8.000000 2.000000 4.000000 14.000000 36522.438617 344.888750
633.000000 0.076045 0.943128 100.000000 100.000000 0.009604 0.240726 0.002731 0.291845 0.001744 0.389509 9.000000 5.000000 3.000000 17.000000 36907.536493 346.686836
450.000000 0.916760 0.097778 100.000000 100.000000 0.002595 0.694385 0.000795 0.688192 0.002384 0.448981 7.000000 2.000000 1.000000 10.000000 41574.371152 344.379937
567.000000 0.223509 0.784832 100.000000 100.000000 0.003966 0.455798 0.008459 0.619285 0.006110 0.279776 6.000000 6.000000 4.000000 16.000000 37778.734833 356.625149
220.000000 0.881624 0.109091 100.000000 100.000000 0.001487 0.424256 0.006395 0.334546 0.000442 0.222789 2.000000 5.000000 1.000000 8.000000 33634.592187 363.129083
575.000000 0.103791 0.904348 100.000000 100.000000 0.007201 0.403508 0.005723 0.381400 0.003401 0.456213 7.000000 2.000000 4.000000 13.000000 38093.077475 340.762188
859.000000 0.775492 0.240978 100.000000 100.000000 0.000395 0.547713 0.002445 0.633219 0.004244 0.420635 2.000000 4.000000 6.000000 12.000000 37988.416151 334.511580
542.000000 0.641913 0.396679 100.000000 100.000000 0.004544 0.518125 0.006359 0.590243 0.009853 0.251169 7.000000 5.000000 7.000000 19.000000 37581.984554 352.995149
663.000000 0.825410 0.184012 100.000000 100.000000 0.008525 0.532536 0.009359 0.515045 0.006756 0.465802 8.000000 3.000000 5.000000 16.000000 39625.059595 358.474389
195.000000 0.207011 0.800000 100.000000 100.000000 0.002866 0.312997 0.006152 0.289505 0.000907 0.239450 3.000000 4.000000 1.000000 8.000000 39720.690544 352.389448
226.000000 0.001043 1.000000 100.000000 100.000000 0.005315 0.466809 0.008173 0.324526 0.009585 0.346961 4.000000 4.000000 6.000000 14.000000 40169.779725 351.771490
355.000000 0.523763 0.476056 100.000000 100.000000 0.000437 0.639074 0.007787 0.530005 0.000145 0.549259 1.000000 9.000000 2.000000 12.000000 39959.297991 347.503057
762.000000 0.046805 0.952756 100.000000 100.000000 0.007721 0.529261 0.004851 0.462762 0.002561 0.325848 7.000000 2.000000 1.000000 10.000000 40548.860401 351.716683
269.000000 0.469988 0.531599 100.000000 100.000000 0.009221 0.241617 0.001495 0.652494 0.001462 0.637203 8.000000 5.000000 1.000000 14.000000 37861.552050 345.932374
708.000000 0.913849 0.081921 100.000000 100.000000 0.007069 0.227331 0.007173 0.394970 0.003692 0.430064 5.000000 5.000000 5.000000 15.000000 38558.559924 298.193650
919.000000 0.415591 0.577802 100.000000 100.000000 0.003006 0.616502 0.006695 0.299800 0.007257 0.451464 4.000000 6.000000 2.000000 12.000000 40411.779055 345.166690
37.000000 0.804457 0.189189 100.000000 100.000000 0.008765 0.457627 0.005759 0.693770 0.008353 0.659803 6.000000 10.000000 5.000000 21.000000 41095.762360 343.843007
151.000000 0.611281 0.384106 100.000000 100.000000 0.000945 0.596474 0.006237 0.686839 0.007994 0.540447 3.000000 5.000000 5.000000 13.000000 41225.768287 341.494664
495.000000 0.546258 0.424242 100.000000 100.000000 0.003332 0.679036 0.009159 0.549554 0.002956 0.602014 7.000000 11.000000 6.000000 24.000000 40162.947800 349.279575
303.000000 0.058650 0.940594 100.000000 100.000000 0.009893 0.568715 0.007452 0.218348 0.005947 0.251008 12.000000 6.000000 4.000000 22.000000 38652.618323 340.716653
560.000000 0.600481 0.382143 100.000000 100.000000 0.008704 0.341098 0.002037 0.298923 0.006836 0.313158 6.000000 3.000000 5.000000 14.000000 40364.319753 346.036140
670.000000 0.825261 0.188060 100.000000 100.000000 0.007106 0.277667 0.003930 0.391093 0.005023 0.366106 7.000000 6.000000 4.000000 17.000000 38494.368978 369.844601
496.000000 0.426689 0.592742 100.000000 100.000000 0.007985 0.381615 0.001952 0.435622 0.001980 0.378146 8.000000 2.000000 2.000000 12.000000 40235.204098 348.213633
441.000000 0.872242 0.129252 100.000000 100.000000 0.000486 0.587251 0.000930 0.500324 0.000451 0.517458 3.000000 1.000000 1.000000 5.000000 34730.870733 362.043443
960.000000 0.123673 0.867708 100.000000 100.000000 0.007506 0.486153 0.004530 0.355633 0.001085 0.689442 6.000000 3.000000 6.000000 15.000000 37071.393093 351.745549
187.000000 0.162493 0.844920 100.000000 100.000000 0.000757 0.205863 0.006287 0.601637 0.008874 0.307928 1.000000 2.000000 10.000000 13.000000 39130.968246 351.682398
872.000000 0.484172 0.529817 100.000000 100.000000 0.000669 0.436838 0.002194 0.684864 0.005002 0.557396 2.000000 1.000000 7.000000 10.000000 40199.329705 347.167834
319.000000 0.726196 0.297806 100.000000 100.000000 0.007264 0.290549 0.003837 0.226578 0.007153 0.649150 4.000000 5.000000 4.000000 13.000000 41403.104245 351.903121
526.000000 0.011818 0.990494 100.000000 100.000000 0.008032 0.514000 0.005980 0.233069 0.002351 0.699352 5.000000 4.000000 8.000000 17.000000 40049.053279 352.770760
462.000000 0.002263 0.995671 100.000000 100.000000 0.006188 0.213941 0.008495 0.295521 0.002136 0.519427 2.000000 5.000000 2.000000 9.000000 40090.460093 353.624597
203.000000 0.792588 0.231527 100.000000 100.000000 0.007169 0.209987 0.006666 0.458811 0.006476 0.359744 6.000000 5.000000 7.000000 18.000000 40819.090221 372.725877
39.000000 0.718656 0.307692 100.000000 100.000000 0.002334 0.428334 0.007001 0.338534 0.005136 0.389966 1.000000 7.000000 3.000000 11.000000 40990.520391 366.522961
416.000000 0.033393 0.954327 100.000000 100.000000 0.002991 0.316567 0.007987 0.529529 0.006176 0.279033 1.000000 7.000000 5.000000 13.000000 40031.796122 365.501160
559.000000 0.473695 0.527728 100.000000 100.000000 0.000789 0.399383 0.005344 0.524226 0.005800 0.404396 1.000000 6.000000 4.000000 11.000000 37268.120472 340.074905
85.000000 0.982231 0.023529 100.000000 100.000000 0.004464 0.376428 0.004259 0.697335 0.002720 0.686502 5.000000 3.000000 3.000000 11.000000 38701.995678 351.845964
163.000000 0.532547 0.515337 100.000000 100.000000 0.005664 0.456606 0.001437 0.368416 0.003105 0.355807 2.000000 2.000000 1.000000 5.000000 37197.700049 342.829660
887.000000 0.069599 0.915445 100.000000 100.000000 0.003553 0.578960 0.007180 0.230217 0.008837 0.577994 8.000000 3.000000 7.000000 18.000000 38751.158507 364.816251
770.000000 0.844969 0.163636 100.000000 100.000000 0.006569 0.397259 0.000816 0.262000 0.002483 0.624741 7.000000 2.000000 7.000000 16.000000 39183.998343 352.382375
211.000000 0.874556 0.094787 100.000000 100.000000 0.000237 0.534831 0.002537 0.297734 0.002114 0.637592 1.000000 1.000000 4.000000 6.000000 45173.473348 360.209321
35.000000 0.677672 0.342857 100.000000 100.000000 0.000850 0.515912 0.009066 0.419073 0.007317 0.251042 1.000000 2.000000 5.000000 8.000000 45127.773881 353.164758
227.000000 0.706339 0.277533 100.000000 100.000000 0.006383 0.416090 0.001523 0.231717 0.007961 0.290819 5.000000 2.000000 5.000000 12.000000 39391.410397 354.128333
636.000000 0.400834 0.584906 100.000000 100.000000 0.005309 0.609994 0.000573 0.250992 0.005179 0.507387 8.000000 2.000000 4.000000 14.000000 39492.826297 378.482280
965.000000 0.291443 0.707772 100.000000 100.000000 0.007005 0.340290 0.009059 0.549792 0.009840 0.237127 7.000000 9.000000 4.000000 20.000000 42423.721106 355.950415
64.000000 0.934328 0.093750 100.000000 100.000000 0.003148 0.329449 0.007895 0.365014 0.008306 0.562076 1.000000 11.000000 1.000000 13.000000 41403.105459 358.871752
563.000000 0.477229 0.523979 100.000000 100.000000 0.001414 0.594096 0.007273 0.292632 0.009914 0.696995 2.000000 6.000000 10.000000 18.000000 40109.016034 350.189920
913.000000 0.990567 0.006572 100.000000 100.000000 0.005435 0.429355 0.001423 0.663888 0.000483 0.693962 8.000000 4.000000 2.000000 14.000000 20736.735510 532.373801
557.000000 0.723733 0.272890 100.000000 100.000000 0.006094 0.588100 0.006702 0.305214 0.003758 0.429320 6.000000 5.000000 2.000000 13.000000 31909.946089 399.683954
610.000000 0.397749 0.640984 100.000000 100.000000 0.008940 0.679886 0.005030 0.354445 0.006263 0.513876 12.000000 5.000000 9.000000 26.000000 31051.103185 397.912134
62.000000 0.927112 0.080645 100.000000 100.000000 0.000481 0.685156 0.008508 0.204250 0.008245 0.377183 3.000000 4.000000 2.000000 9.000000 32446.849575 403.315397
667.000000 0.161099 0.839580 100.000000 100.000000 0.008941 0.495677 0.004045 0.527316 0.006198 0.660868 12.000000 7.000000 8.000000 27.000000 34703.331476 380.951149
683.000000 0.451822 0.546120 100.000000 100.000000 0.002993 0.587080 0.002380 0.479860 0.008411 0.625324 5.000000 3.000000 8.000000 16.000000 34992.898415 377.735173
807.000000 0.594185 0.392813 100.000000 100.000000 0.004071 0.434200 0.002015 0.361248 0.005762 0.601338 5.000000 2.000000 4.000000 11.000000 37419.201802 363.677870
48.000000 0.009529 1.000000 100.000000 100.000000 0.007705 0.274605 0.000865 0.415032 0.009081 0.454118 4.000000 1.000000 10.000000 15.000000 36927.677031 362.541868
806.000000 0.724653 0.240695 100.000000 100.000000 0.004129 0.325496 0.006066 0.528304 0.002745 0.402394 3.000000 3.000000 4.000000 10.000000 34293.869218 368.510827
376.000000 0.276960 0.715426 100.000000 100.000000 0.002820 0.635333 0.007402 0.269517 0.002836 0.617543 6.000000 6.000000 1.000000 13.000000 29606.211848 374.267634
486.000000 0.337504 0.664609 100.000000 100.000000 0.002349 0.412478 0.006695 0.435933 0.006282 0.415405 3.000000 5.000000 5.000000 13.000000 33315.135067 374.765639
77.000000 0.348303 0.740260 100.000000 100.000000 0.004490 0.667854 0.000994 0.323850 0.007440 0.642695 6.000000 1.000000 7.000000 14.000000 34123.698630 374.667788
17.000000 0.543969 0.176471 100.000000 100.000000 0.003005 0.439641 0.004044 0.231517 0.009685 0.356779 1.000000 1.000000 5.000000 7.000000 34368.484112 368.864900
67.000000 0.553823 0.507463 100.000000 100.000000 0.007686 0.249437 0.002487 0.416970 0.003465 0.236096 5.000000 1.000000 1.000000 7.000000 33450.823318 370.287091
172.000000 0.446596 0.534884 100.000000 100.000000 0.007715 0.672445 0.007151 0.389228 0.008056 0.486274 11.000000 5.000000 9.000000 25.000000 32173.445194 371.566262
306.000000 0.230103 0.754902 100.000000 100.000000 0.001535 0.372432 0.009438 0.304865 0.000748 0.690988 2.000000 3.000000 2.000000 7.000000 31407.237168 369.568569
71.000000 0.228884 0.704225 100.000000 100.000000 0.000662 0.625301 0.009116 0.333870 0.008197 0.518523 1.000000 2.000000 6.000000 9.000000 32248.201704 369.534394
914.000000 0.035234 0.964989 100.000000 100.000000 0.008962 0.291358 0.006716 0.475709 0.004149 0.225180 9.000000 6.000000 2.000000 17.000000 39432.660885 362.749861
239.000000 0.884859 0.121339 100.000000 100.000000 0.009174 0.609232 0.007367 0.355047 0.001091 0.315996 12.000000 4.000000 1.000000 17.000000 38400.899986 367.780584
696.000000 0.040933 0.955460 100.000000 100.000000 0.007920 0.678782 0.004823 0.417572 0.008193 0.538217 5.000000 6.000000 4.000000 15.000000 39635.699760 352.787756
173.000000 0.032323 0.976879 100.000000 100.000000 0.003536 0.324304 0.003194 0.682487 0.005457 0.206263 3.000000 3.000000 3.000000 9.000000 39935.569648 344.449667
319.000000 0.267255 0.702194 100.000000 100.000000 0.009458 0.580405 0.004487 0.208016 0.000888 0.337921 8.000000 6.000000 3.000000 17.000000 39029.679885 353.901370
386.000000 0.284027 0.730570 100.000000 100.000000 0.004070 0.524758 0.001359 0.306329 0.001164 0.202740 5.000000 2.000000 3.000000 10.000000 39101.135163 345.390645
647.000000 0.993628 0.006182 100.000000 100.000000 0.002379 0.651277 0.000474 0.581063 0.000908 0.312575 4.000000 1.000000 3.000000 8.000000 51090.798661 250.947039
784.000000 0.303611 0.705357 100.000000 100.000000 0.001538 0.597666 0.009109 0.532656 0.005283 0.236578 1.000000 8.000000 4.000000 13.000000 38990.203672 358.824246
610.000000 0.692453 0.337705 100.000000 100.000000 0.007872 0.230606 0.001780 0.447253 0.007886 0.570018 7.000000 1.000000 10.000000 18.000000 40934.861670 325.445080
665.000000 0.493254 0.521805 100.000000 100.000000 0.008733 0.264106 0.006702 0.271181 0.001527 0.563335 4.000000 2.000000 1.000000 7.000000 40289.213551 353.595973
365.000000 0.071889 0.950685 100.000000 100.000000 0.003880 0.318355 0.002395 0.548255 0.002108 0.323229 4.000000 4.000000 4.000000 12.000000 38048.569024 353.397483
304.000000 0.846064 0.154605 100.000000 100.000000 0.005448 0.597708 0.002101 0.588416 0.001694 0.572409 11.000000 2.000000 3.000000 16.000000 35785.961934 370.783870
555.000000 0.432711 0.562162 100.000000 100.000000 0.009205 0.486961 0.007409 0.604764 0.007981 0.265473 10.000000 11.000000 6.000000 27.000000 38852.961771 344.179496
496.000000 0.508807 0.483871 100.000000 100.000000 0.002472 0.461327 0.003252 0.398498 0.009251 0.255689 7.000000 6.000000 4.000000 17.000000 42212.167458 347.106827
527.000000 0.597545 0.407970 100.000000 100.000000 0.003853 0.665859 0.002023 0.526328 0.009652 0.419342 8.000000 2.000000 5.000000 15.000000 40654.849080 358.906324
51.000000 0.098863 0.843137 100.000000 100.000000 0.004860 0.498610 0.001552 0.538673 0.006512 0.516554 9.000000 1.000000 2.000000 12.000000 40364.885510 354.554359
856.000000 0.439803 0.532710 100.000000 100.000000 0.009879 0.584572 0.007759 0.620949 0.004801 0.225569 9.000000 12.000000 1.000000 22.000000 37848.702961 341.490127
393.000000 0.071292 0.926209 100.000000 100.000000 0.008106 0.298882 0.000480 0.552444 0.005078 0.424445 8.000000 1.000000 5.000000 14.000000 39227.788810 343.793050
385.000000 0.567833 0.405195 100.000000 100.000000 0.008191 0.481603 0.001266 0.346014 0.006780 0.681694 10.000000 2.000000 5.000000 17.000000 40969.359541 348.513944
758.000000 0.136289 0.872032 100.000000 100.000000 0.006295 0.508134 0.001066 0.210356 0.001725 0.487980 5.000000 2.000000 3.000000 10.000000 40318.930281 358.724446
613.000000 0.192379 0.825449 100.000000 100.000000 0.007163 0.353172 0.008966 0.385277 0.002070 0.520170 6.000000 9.000000 5.000000 20.000000 37632.856929 363.295176
968.000000 0.709250 0.285124 100.000000 100.000000 0.001909 0.383143 0.005045 0.524939 0.006654 0.309736 2.000000 6.000000 5.000000 13.000000 36883.381544 356.835567
671.000000 0.530556 0.459016 100.000000 100.000000 0.008174 0.226948 0.007180 0.298284 0.003400 0.309964 5.000000 5.000000 3.000000 13.000000 43002.343418 383.702921
183.000000 0.110609 0.928962 100.000000 100.000000 0.004462 0.699567 0.001608 0.629052 0.005148 0.591816 8.000000 4.000000 7.000000 19.000000 37097.568635 344.863823
139.000000 0.443660 0.517986 100.000000 100.000000 0.002865 0.497206 0.007137 0.616633 0.000972 0.592458 4.000000 10.000000 1.000000 15.000000 35710.424446 374.265470
443.000000 0.704323 0.309255 100.000000 100.000000 0.009468 0.478246 0.000873 0.682212 0.009764 0.370077 9.000000 1.000000 5.000000 15.000000 39611.038699 376.054073
46.000000 0.718507 0.282609 100.000000 100.000000 0.000916 0.673466 0.001573 0.214582 0.003403 0.290270 1.000000 1.000000 2.000000 4.000000 40013.647686 368.186421
470.000000 0.412704 0.629787 100.000000 100.000000 0.006905 0.357633 0.009565 0.485951 0.007057 0.307446 5.000000 15.000000 6.000000 26.000000 40101.537853 350.021718
966.000000 0.336110 0.659420 100.000000 100.000000 0.000633 0.202292 0.004452 0.361612 0.003606 0.268345 1.000000 2.000000 4.000000 7.000000 41465.914498 344.137715
6.000000 0.715720 0.166667 100.000000 100.000000 0.007384 0.253095 0.006987 0.565940 0.007952 0.496150 2.000000 1.000000 3.000000 6.000000 41213.236940 343.712638
438.000000 0.077612 0.924658 100.000000 100.000000 0.002263 0.413965 0.006894 0.469491 0.004644 0.511164 7.000000 7.000000 3.000000 17.000000 41436.998013 336.500761
623.000000 0.822623 0.187801 100.000000 100.000000 0.005093 0.612165 0.004874 0.366403 0.001404 0.671682 10.000000 7.000000 5.000000 22.000000 42057.730806 383.440308
941.000000 0.202556 0.821467 100.000000 100.000000 0.004206 0.380889 0.004859 0.298009 0.007707 0.473778 4.000000 5.000000 8.000000 17.000000 40000.267638 352.897148
890.000000 0.241052 0.742697 100.000000 100.000000 0.005095 0.382677 0.009166 0.316735 0.003639 0.517973 8.000000 5.000000 4.000000 17.000000 40792.833224 346.424296
668.000000 0.205766 0.805389 100.000000 100.000000 0.002569 0.357680 0.009338 0.339136 0.009864 0.692086 5.000000 8.000000 15.000000 28.000000 40563.233158 352.110462
66.000000 0.848527 0.212121 100.000000 100.000000 0.006618 0.300156 0.009137 0.509779 0.005089 0.292238 6.000000 7.000000 3.000000 16.000000 41311.424633 354.057889
913.000000 0.203153 0.788609 100.000000 100.000000 0.009880 0.400363 0.006773 0.293820 0.004736 0.372561 8.000000 6.000000 6.000000 20.000000 40684.284717 343.559709
238.000000 0.217014 0.789916 100.000000 100.000000 0.008966 0.377661 0.000124 0.598911 0.006319 0.218463 7.000000 1.000000 4.000000 12.000000 42316.048405 346.846524
694.000000 0.832029 0.171470 100.000000 100.000000 0.005519 0.657355 0.006830 0.679999 0.009786 0.251912 10.000000 9.000000 6.000000 25.000000 42613.777809 357.106597
902.000000 0.162318 0.843681 100.000000 100.000000 0.009814 0.242809 0.004367 0.498311 0.008650 0.333333 7.000000 10.000000 8.000000 25.000000 39866.900543 350.119053
73.000000 0.766260 0.232877 100.000000 100.000000 0.000812 0.465576 0.002409 0.422950 0.005986 0.315000 1.000000 3.000000 4.000000 8.000000 39696.496570 348.232459
305.000000 0.349672 0.668852 100.000000 100.000000 0.006782 0.669854 0.006745 0.418798 0.001724 0.414856 9.000000 2.000000 2.000000 13.000000 39516.243510 352.463772
727.000000 0.588611 0.385144 100.000000 100.000000 0.007108 0.593458 0.002945 0.563964 0.004959 0.513098 11.000000 5.000000 3.000000 19.000000 40460.284418 364.887800
232.000000 0.333049 0.672414 100.000000 100.000000 0.003688 0.480370 0.005401 0.444438 0.003181 0.649733 3.000000 8.000000 8.000000 19.000000 43157.182114 371.232040
460.000000 0.334418 0.689130 100.000000 100.000000 0.005980 0.482370 0.001252 0.539386 0.007365 0.421894 11.000000 4.000000 7.000000 22.000000 41108.396142 365.389942
725.000000 0.002885 0.995862 100.000000 100.000000 0.001387 0.441600 0.006902 0.270705 0.007558 0.293109 3.000000 5.000000 10.000000 18.000000 42324.080607 355.110384
480.000000 0.207185 0.795833 100.000000 100.000000 0.003709 0.276051 0.008073 0.392831 0.001132 0.214045 7.000000 5.000000 1.000000 13.000000 42128.435940 353.415037
549.000000 0.641764 0.393443 100.000000 100.000000 0.003125 0.263257 0.000930 0.466290 0.008120 0.651473 5.000000 1.000000 9.000000 15.000000 42339.189402 336.380458
686.000000 0.328570 0.677843 100.000000 100.000000 0.005603 0.340077 0.007616 0.473569 0.001589 0.509161 3.000000 4.000000 2.000000 9.000000 41137.000168 353.870040
502.000000 0.922931 0.077689 100.000000 100.000000 0.005233 0.554600 0.001780 0.481287 0.000218 0.436003 9.000000 3.000000 1.000000 13.000000 37620.824753 368.013545
16.000000 0.674437 0.500000 100.000000 100.000000 0.003063 0.330936 0.008094 0.398572 0.006668 0.657835 3.000000 1.000000 5.000000 9.000000 37301.616473 363.322816
409.000000 0.574601 0.442543 100.000000 100.000000 0.006603 0.361292 0.004166 0.634920 0.001643 0.567500 5.000000 6.000000 6.000000 17.000000 38281.030319 344.383996
29.000000 0.465235 0.413793 100.000000 100.000000 0.007724 0.299773 0.009144 0.413093 0.004796 0.672139 7.000000 4.000000 6.000000 17.000000 38188.398551 341.820598
379.000000 0.235827 0.770449 100.000000 100.000000 0.009817 0.468043 0.004037 0.226102 0.003284 0.378923 9.000000 4.000000 3.000000 16.000000 39496.602616 350.548112
262.000000 0.388019 0.583969 100.000000 100.000000 0.006253 0.416773 0.005624 0.313570 0.005824 0.359356 7.000000 5.000000 5.000000 17.000000 39673.786672 342.078136
713.000000 0.376323 0.601683 100.000000 100.000000 0.005500 0.632187 0.008452 0.681937 0.004171 0.533891 8.000000 7.000000 2.000000 17.000000 41675.278462 342.895273
880.000000 0.151867 0.847727 100.000000 100.000000 0.009359 0.413540 0.004009 0.317046 0.007940 0.555233 8.000000 3.000000 9.000000 20.000000 39758.474912 361.954198
919.000000 0.781514 0.212187 100.000000 100.000000 0.001615 0.653060 0.007901 0.302362 0.000344 0.307962 5.000000 10.000000 1.000000 16.000000 34601.705318 368.244325
334.000000 0.606329 0.350299 100.000000 100.000000 0.009080 0.483391 0.005573 0.364739 0.002713 0.225890 8.000000 7.000000 2.000000 17.000000 37309.504127 358.640869
433.000000 0.533020 0.448037 100.000000 100.000000 0.009344 0.429396 0.004316 0.219647 0.006795 0.529793 5.000000 2.000000 6.000000 13.000000 38462.384538 376.750557
445.000000 0.536404 0.447191 100.000000 100.000000 0.008551 0.369241 0.000816 0.364100 0.009176 0.222696 11.000000 3.000000 5.000000 19.000000 36277.822193 349.466199
90.000000 0.773178 0.133333 100.000000 100.000000 0.000643 0.600133 0.000838 0.335809 0.002581 0.300501 2.000000 2.000000 1.000000 5.000000 38705.612787 360.132577
285.000000 0.678593 0.298246 100.000000 100.000000 0.008786 0.253307 0.008430 0.642162 0.006303 0.224116 8.000000 9.000000 6.000000 23.000000 36621.924341 350.737391
536.000000 0.347358 0.703358 100.000000 100.000000 0.007030 0.222273 0.005138 0.621387 0.009961 0.294722 6.000000 10.000000 4.000000 20.000000 35432.886019 355.777745
184.000000 0.707235 0.298913 100.000000 100.000000 0.004994 0.445299 0.004395 0.475434 0.008456 0.388994 9.000000 4.000000 8.000000 21.000000 36277.863330 357.509701
689.000000 0.958964 0.036284 100.000000 100.000000 0.004952 0.353939 0.008952 0.578649 0.002655 0.260369 4.000000 9.000000 5.000000 18.000000 44852.534928 406.104463
340.000000 0.102571 0.902941 100.000000 100.000000 0.006328 0.656376 0.005401 0.410404 0.000950 0.283747 10.000000 3.000000 1.000000 14.000000 42064.430986 355.105963
242.000000 0.750707 0.280992 100.000000 100.000000 0.007073 0.268356 0.005858 0.295632 0.008162 0.622646 3.000000 3.000000 7.000000 13.000000 42677.948231 344.072489
880.000000 0.282335 0.722727 100.000000 100.000000 0.009417 0.304836 0.008059 0.484102 0.004923 0.356289 9.000000 7.000000 7.000000 23.000000 37214.912839 350.942342
282.000000 0.425022 0.549645 100.000000 100.000000 0.002857 0.369878 0.005144 0.592768 0.004231 0.406593 5.000000 8.000000 1.000000 14.000000 37728.718183 358.739687
316.000000 0.308389 0.715190 100.000000 100.000000 0.002460 0.247696 0.007852 0.251430 0.000440 0.576541 3.000000 10.000000 2.000000 15.000000 38981.055567 353.945834
638.000000 0.527620 0.462382 100.000000 100.000000 0.003324 0.551708 0.007166 0.525689 0.006216 0.416149 5.000000 7.000000 5.000000 17.000000 38851.101767 359.333820
930.000000 0.161721 0.822581 100.000000 100.000000 0.004140 0.223336 0.002452 0.502500 0.001720 0.434550 2.000000 2.000000 3.000000 7.000000 41050.675546 361.904667
689.000000 0.123200 0.902758 100.000000 100.000000 0.003826 0.513363 0.001652 0.504402 0.007296 0.515456 7.000000 3.000000 5.000000 15.000000 39959.208132 356.825840
228.000000 0.586770 0.451754 100.000000 100.000000 0.001136 0.618668 0.004216 0.617785 0.006986 0.566951 2.000000 1.000000 9.000000 12.000000 39897.376989 352.294690
427.000000 0.036777 0.950820 100.000000 100.000000 0.002197 0.256411 0.004487 0.673982 0.008557 0.471936 3.000000 6.000000 9.000000 18.000000 40791.288831 358.071923
998.000000 0.753320 0.231463 100.000000 100.000000 0.009662 0.225673 0.008423 0.340948 0.003389 0.442171 5.000000 5.000000 2.000000 12.000000 38724.174684 356.343958
741.000000 0.211490 0.797571 100.000000 100.000000 0.000951 0.453290 0.003937 0.260373 0.002500 0.380021 4.000000 1.000000 2.000000 7.000000 41847.528526 350.431872
209.000000 0.124594 0.851675 100.000000 100.000000 0.005542 0.223548 0.003895 0.578723 0.009972 0.662516 5.000000 5.000000 13.000000 23.000000 42277.293688 349.160927
662.000000 0.157565 0.845921 100.000000 100.000000 0.008317 0.300965 0.002116 0.258910 0.002084 0.368269 7.000000 2.000000 2.000000 11.000000 39947.378670 359.873347
264.000000 0.466454 0.477273 100.000000 100.000000 0.008597 0.546905 0.009466 0.384088 0.007248 0.344604 11.000000 7.000000 8.000000 26.000000 40687.117002 359.701449
587.000000 0.932039 0.049404 100.000000 100.000000 0.002821 0.590054 0.002780 0.546977 0.005135 0.316841 2.000000 2.000000 3.000000 7.000000 52006.958219 357.484778
794.000000 0.262328 0.751889 100.000000 100.000000 0.007117 0.675507 0.000316 0.365289 0.003999 0.398262 11.000000 1.000000 4.000000 16.000000 39441.634700 367.097717
413.000000 0.578135 0.397094 100.000000 100.000000 0.007228 0.556004 0.006095 0.403326 0.005757 0.360099 14.000000 4.000000 5.000000 23.000000 39849.737469 364.307291
666.000000 0.739609 0.249249 100.000000 100.000000 0.002094 0.503243 0.000701 0.659810 0.003539 0.695964 6.000000 2.000000 7.000000 15.000000 38124.420804 367.101867
272.000000 0.089482 0.922794 100.000000 100.000000 0.003859 0.661605 0.005987 0.204450 0.006521 0.311223 8.000000 2.000000 5.000000 15.000000 38190.777358 350.842207
785.000000 0.889338 0.092994 100.000000 100.000000 0.007259 0.249525 0.005152 0.325915 0.002683 0.456568 4.000000 7.000000 3.000000 14.000000 33602.248272 339.963609
609.000000 0.188845 0.794745 100.000000 100.000000 0.006538 0.658459 0.007037 0.616871 0.007856 0.227571 8.000000 11.000000 10.000000 29.000000 37342.535938 330.345590
761.000000 0.554097 0.436268 100.000000 100.000000 0.001199 0.550988 0.006952 0.685503 0.008438 0.560589 3.000000 10.000000 7.000000 20.000000 40612.997606 342.485091
917.000000 0.408374 0.605234 100.000000 100.000000 0.000338 0.472209 0.007309 0.639035 0.007197 0.266571 2.000000 11.000000 6.000000 19.000000 40607.493011 357.902323
792.000000 0.183893 0.819444 100.000000 100.000000 0.004773 0.545376 0.006374 0.294771 0.002574 0.413014 7.000000 4.000000 2.000000 13.000000 39610.858488 347.397727
845.000000 0.316850 0.718343 100.000000 100.000000 0.005426 0.347306 0.004052 0.362563 0.001444 0.308798 5.000000 4.000000 2.000000 11.000000 39467.766093 356.433348
39.000000 0.636538 0.307692 100.000000 100.000000 0.007847 0.348622 0.005702 0.375658 0.007765 0.512423 2.000000 3.000000 11.000000 16.000000 39289.809165 357.041759
128.000000 0.943884 0.062500 100.000000 100.000000 0.004993 0.629508 0.005380 0.302562 0.008520 0.242002 6.000000 4.000000 5.000000 15.000000 38398.444313 345.643240
979.000000 0.667967 0.345250 100.000000 100.000000 0.007487 0.460985 0.006152 0.357572 0.005370 0.471421 5.000000 5.000000 4.000000 14.000000 40042.651859 365.658016
946.000000 0.452444 0.563425 100.000000 100.000000 0.008092 0.314738 0.000787 0.455045 0.003932 0.399006 9.000000 3.000000 2.000000 14.000000 38895.341017 367.484801
908.000000 0.822797 0.171806 100.000000 100.000000 0.005936 0.575218 0.006794 0.469729 0.001628 0.646277 7.000000 8.000000 3.000000 18.000000 39396.891387 371.391393
837.000000 0.567036 0.409797 100.000000 100.000000 0.002249 0.290891 0.000938 0.267504 0.001134 0.433418 5.000000 1.000000 1.000000 7.000000 39099.077990 351.263164
63.000000 0.053897 0.936508 100.000000 100.000000 0.008395 0.626871 0.005201 0.478947 0.009281 0.285944 9.000000 2.000000 3.000000 14.000000 38717.021299 347.621582
117.000000 0.645795 0.401709 100.000000 100.000000 0.006854 0.638945 0.002230 0.565301 0.004515 0.492957 5.000000 7.000000 4.000000 16.000000 38590.565738 351.268906
180.000000 0.950055 0.044444 100.000000 100.000000 0.007631 0.489723 0.006366 0.595658 0.006354 0.229025 5.000000 8.000000 5.000000 18.000000 41073.201776 334.381031
585.000000 0.734035 0.247863 100.000000 100.000000 0.005131 0.662501 0.001631 0.362526 0.002735 0.607725 5.000000 4.000000 6.000000 15.000000 38079.730239 375.433296
441.000000 0.249065 0.732426 100.000000 100.000000 0.003805 0.217682 0.008881 0.556009 0.009345 0.451143 1.000000 10.000000 8.000000 19.000000 36545.679293 350.753809
261.000000 0.966529 0.034483 100.000000 100.000000 0.009306 0.424339 0.002280 0.446065 0.003164 0.394452 8.000000 2.000000 4.000000 14.000000 34975.935931 360.756108
133.000000 0.947418 0.037594 100.000000 100.000000 0.005617 0.324221 0.007309 0.570968 0.002734 0.534601 4.000000 10.000000 5.000000 19.000000 41548.663935 399.173600
791.000000 0.762403 0.214918 100.000000 100.000000 0.007826 0.552942 0.003030 0.427265 0.009815 0.448110 9.000000 2.000000 10.000000 21.000000 33528.125769 351.105800
659.000000 0.445054 0.544765 100.000000 100.000000 0.004581 0.207391 0.009380 0.690954 0.003648 0.239518 4.000000 15.000000 4.000000 23.000000 38948.114485 346.038563
739.000000 0.297291 0.711773 100.000000 100.000000 0.007382 0.482583 0.002695 0.615608 0.005717 0.649859 9.000000 8.000000 9.000000 26.000000 39458.025394 356.294368
556.000000 0.843302 0.158273 100.000000 100.000000 0.001440 0.385522 0.004008 0.419147 0.004734 0.653188 3.000000 6.000000 8.000000 17.000000 43399.803265 371.861826
656.000000 0.907677 0.099085 100.000000 100.000000 0.004431 0.367116 0.006187 0.601875 0.005859 0.443041 8.000000 3.000000 7.000000 18.000000 37503.082908 334.804862
884.000000 0.357088 0.652715 100.000000 100.000000 0.009717 0.485386 0.004544 0.662261 0.000501 0.449243 9.000000 5.000000 2.000000 16.000000 41491.927962 373.958787
672.000000 0.410987 0.619048 100.000000 100.000000 0.002927 0.429526 0.009873 0.684351 0.002424 0.586096 7.000000 8.000000 4.000000 19.000000 38256.833807 362.267651
145.000000 0.032920 0.965517 100.000000 100.000000 0.009211 0.343777 0.005109 0.678298 0.002486 0.605047 6.000000 10.000000 5.000000 21.000000 38659.624626 362.990788
161.000000 0.618348 0.372671 100.000000 100.000000 0.002195 0.485899 0.000195 0.223651 0.006322 0.625645 2.000000 1.000000 5.000000 8.000000 39665.193173 363.075959
661.000000 0.911211 0.090772 100.000000 100.000000 0.005055 0.561828 0.008116 0.370281 0.009973 0.235640 8.000000 7.000000 8.000000 23.000000 33137.913561 377.625887
160.000000 0.278976 0.712500 100.000000 100.000000 0.009635 0.573177 0.008051 0.319022 0.001033 0.538284 10.000000 8.000000 2.000000 20.000000 31534.986993 392.450651
238.000000 0.758073 0.289916 100.000000 100.000000 0.001260 0.667517 0.000774 0.580349 0.009955 0.407235 3.000000 1.000000 7.000000 11.000000 30684.746832 402.409441
999.000000 0.797987 0.190190 100.000000 100.000000 0.003290 0.587675 0.003816 0.652769 0.007055 0.473389 4.000000 7.000000 7.000000 18.000000 34117.052473 351.111922
376.000000 0.571665 0.414894 100.000000 100.000000 0.001752 0.686052 0.004152 0.362325 0.004459 0.673685 3.000000 2.000000 8.000000 13.000000 36342.978286 335.213850
706.000000 0.999650 0.000000 100.000000 100.000000 0.003599 0.256624 0.005930 0.250205 0.006909 0.699901 6.000000 4.000000 11.000000 21.000000 10140.314031 350.377051
638.000000 0.527620 0.462382 100.000000 100.000000 0.003324 0.551708 0.007166 0.525689 0.006216 0.416149 5.000000 7.000000 5.000000 17.000000 34774.098590 350.719641
777.000000 0.550115 0.442728 100.000000 100.000000 0.006218 0.591671 0.008537 0.545239 0.009027 0.468903 7.000000 6.000000 4.000000 17.000000 36694.200825 372.353114
912.000000 0.662094 0.334430 100.000000 100.000000 0.007686 0.610507 0.006124 0.312382 0.001101 0.683790 11.000000 3.000000 2.000000 16.000000 38684.823136 356.329476
