815.000000 0.905792 0.114110 100.000000 100.000000 0.009142 0.013572 0.001066 0.063604 0.005514 0.028571 7.000000 2.000000 5.000000 14.000000 35454.146697 345.922323
1.000000 0.328517 1.000000 100.000000 100.000000 0.009742 0.037293 0.008254 0.095418 0.004335 0.044956 1.000000 1.000000 1.000000 3.000000 35389.818330 345.240087
287.000000 0.505291 0.459930 100.000000 100.000000 0.004788 0.083310 0.001264 0.086743 0.003097 0.025783 3.000000 1.000000 2.000000 6.000000 37515.302952 348.816634
665.000000 0.677526 0.353383 100.000000 100.000000 0.000992 0.001220 0.001594 0.093797 0.005904 0.072011 1.000000 2.000000 4.000000 7.000000 41815.703078 355.270518
352.000000 0.126121 0.903409 100.000000 100.000000 0.000295 0.090363 0.008233 0.045127 0.007847 0.028418 1.000000 5.000000 2.000000 8.000000 40531.047771 347.894920
853.000000 0.644838 0.361079 100.000000 100.000000 0.008702 0.066259 0.002448 0.008961 0.003228 0.021811 4.000000 1.000000 2.000000 7.000000 38190.442672 351.371989
305.000000 0.966920 0.039344 100.000000 100.000000 0.009684 0.010233 0.009149 0.051013 0.007668 0.023727 6.000000 4.000000 7.000000 17.000000 45752.200073 329.450491
833.000000 0.463987 0.543818 100.000000 100.000000 0.000414 0.089254 0.004307 0.051787 0.004528 0.078270 1.000000 2.000000 3.000000 6.000000 40083.578882 355.522834
921.000000 0.169085 0.803474 100.000000 100.000000 0.007125 0.057095 0.007996 0.044065 0.004632 0.017367 9.000000 4.000000 3.000000 16.000000 40259.061866 363.262694
810.000000 0.721889 0.258025 100.000000 100.000000 0.004042 0.037007 0.007214 0.077658 0.006963 0.085881 2.000000 6.000000 4.000000 12.000000 40345.834680 363.411147
350.000000 0.348569 0.648571 100.000000 100.000000 0.002243 0.046696 0.005062 0.019602 0.001193 0.034702 5.000000 3.000000 1.000000 9.000000 41286.207356 372.972097
873.000000 0.077409 0.931271 100.000000 100.000000 0.003244 0.031413 0.009431 0.002340 0.000908 0.094742 2.000000 3.000000 2.000000 7.000000 42574.028943 349.355749
445.000000 0.844580 0.139326 100.000000 100.000000 0.003460 0.063539 0.007042 0.091276 0.007358 0.069931 2.000000 4.000000 5.000000 11.000000 44849.385682 339.513435
373.000000 0.369939 0.654155 100.000000 100.000000 0.003034 0.046343 0.007798 0.043715 0.001864 0.037433 2.000000 4.000000 2.000000 8.000000 40357.794367 356.850060
575.000000 0.387596 0.636522 100.000000 100.000000 0.001421 0.032750 0.005630 0.044775 0.009018 0.047563 1.000000 2.000000 5.000000 8.000000 34909.548736 365.005373
793.000000 0.676602 0.311475 100.000000 100.000000 0.001396 0.065082 0.004273 0.074662 0.006598 0.095698 2.000000 5.000000 5.000000 12.000000 43409.091268 347.687036
951.000000 0.362960 0.617245 100.000000 100.000000 0.009518 0.027901 0.004572 0.002475 0.004769 0.008301 6.000000 5.000000 4.000000 15.000000 36342.215322 353.770993
390.000000 0.653484 0.392308 100.000000 100.000000 0.003302 0.012094 0.004494 0.075705 0.008265 0.031064 6.000000 5.000000 2.000000 13.000000 36278.894639 352.432658
342.000000 0.945551 0.064327 100.000000 100.000000 0.000221 0.088367 0.002188 0.089192 0.006269 0.003684 1.000000 2.000000 4.000000 7.000000 32690.738617 349.140317
790.000000 0.892871 0.101266 100.000000 100.000000 0.007884 0.049359 0.007081 0.079076 0.006797 0.010735 4.000000 5.000000 3.000000 12.000000 36905.687932 400.351091
608.000000 0.024609 0.973684 100.000000 100.000000 0.007664 0.060209 0.004437 0.098241 0.003215 0.054952 7.000000 1.000000 2.000000 10.000000 32321.680673 371.893173
534.000000 0.761632 0.241573 100.000000 100.000000 0.001309 0.074342 0.009094 0.026369 0.002661 0.075197 1.000000 2.000000 2.000000 5.000000 35264.070464 384.892786
330.000000 0.849149 0.193939 100.000000 100.000000 0.001817 0.065907 0.007544 0.057423 0.000610 0.073452 2.000000 5.000000 1.000000 8.000000 32442.502317 372.135481
518.000000 0.929849 0.061776 100.000000 100.000000 0.005063 0.097853 0.000209 0.039441 0.006713 0.044858 6.000000 1.000000 4.000000 11.000000 33328.108464 391.234307
686.000000 0.869629 0.128280 100.000000 100.000000 0.007797 0.086127 0.008266 0.051492 0.005224 0.099591 4.000000 2.000000 5.000000 11.000000 39639.185631 336.826250
549.000000 0.854350 0.136612 100.000000 100.000000 0.007570 0.007784 0.006281 0.079452 0.002473 0.026754 3.000000 4.000000 1.000000 8.000000 34910.449171 351.813793
13.000000 0.715571 0.384615 100.000000 100.000000 0.005965 0.060049 0.001559 0.048913 0.006219 0.039898 3.000000 1.000000 4.000000 8.000000 35063.699742 349.753091
226.000000 0.836807 0.168142 100.000000 100.000000 0.006441 0.022262 0.005573 0.040357 0.004944 0.078591 1.000000 6.000000 2.000000 9.000000 37585.136913 332.608587
587.000000 0.648234 0.345826 100.000000 100.000000 0.008600 0.086775 0.002873 0.061844 0.009418 0.028302 4.000000 1.000000 3.000000 8.000000 38473.684028 333.948360
238.000000 0.381250 0.634454 100.000000 100.000000 0.007840 0.067743 0.002723 0.065284 0.001061 0.055163 5.000000 3.000000 2.000000 10.000000 39813.013460 341.746314
58.000000 0.098714 0.793103 100.000000 100.000000 0.003441 0.009661 0.006023 0.043515 0.004779 0.043938 2.000000 4.000000 1.000000 7.000000 40585.586966 343.922991
453.000000 0.957745 0.037528 100.000000 100.000000 0.004079 0.081548 0.008630 0.081715 0.000203 0.077805 3.000000 5.000000 2.000000 10.000000 39312.776637 267.008129
728.000000 0.999202 0.000000 100.000000 100.000000 0.009243 0.058820 0.009444 0.036313 0.001712 0.040761 4.000000 5.000000 1.000000 10.000000 20587.681553 156.448970
391.000000 0.533915 0.478261 100.000000 100.000000 0.007956 0.052204 0.007188 0.053146 0.007289 0.085738 3.000000 2.000000 8.000000 13.000000 39428.645769 259.989912
860.000000 0.857610 0.139535 100.000000 100.000000 0.004782 0.085630 0.003745 0.079427 0.001614 0.020439 3.000000 2.000000 2.000000 7.000000 36455.469694 320.537458
182.000000 0.875154 0.098901 100.000000 100.000000 0.005912 0.071152 0.004452 0.019522 0.009044 0.067602 2.000000 2.000000 5.000000 9.000000 35798.938413 318.579439
932.000000 0.370625 0.636266 100.000000 100.000000 0.006542 0.009863 0.000445 0.008935 0.000127 0.005129 7.000000 1.000000 1.000000 9.000000 41441.981281 344.404118
685.000000 0.082216 0.916788 100.000000 100.000000 0.002342 0.080386 0.003716 0.077218 0.009477 0.035953 4.000000 2.000000 7.000000 13.000000 40087.956105 346.578457
466.000000 0.748542 0.246781 100.000000 100.000000 0.008740 0.075377 0.009680 0.084591 0.008232 0.080637 3.000000 6.000000 3.000000 12.000000 39829.667554 342.056524
835.000000 0.981310 0.017964 100.000000 100.000000 0.006428 0.087928 0.004895 0.055301 0.003734 0.003659 4.000000 4.000000 2.000000 10.000000 61114.382932 314.715400
609.000000 0.270963 0.743842 100.000000 100.000000 0.001025 0.008558 0.008337 0.076190 0.005227 0.081213 1.000000 4.000000 3.000000 8.000000 41268.206140 349.341377
112.000000 0.735279 0.258929 100.000000 100.000000 0.005428 0.083728 0.008345 0.023353 0.003679 0.091108 2.000000 5.000000 1.000000 8.000000 40414.226500 350.268610
915.000000 0.658411 0.358470 100.000000 100.000000 0.005643 0.092263 0.008666 0.044565 0.005155 0.019116 5.000000 5.000000 4.000000 14.000000 38673.736981 375.645016
709.000000 0.619144 0.373766 100.000000 100.000000 0.008136 0.095369 0.000523 0.021228 0.002068 0.035436 5.000000 1.000000 3.000000 9.000000 37328.510693 353.735750
228.000000 0.045711 0.951754 100.000000 100.000000 0.008842 0.026505 0.003566 0.087397 0.003350 0.036280 4.000000 3.000000 2.000000 9.000000 38092.746923 360.937739
839.000000 0.481235 0.530393 100.000000 100.000000 0.005719 0.013196 0.002180 0.043029 0.007817 0.092789 4.000000 2.000000 3.000000 9.000000 38870.582762 352.246075
350.000000 0.273875 0.685714 100.000000 100.000000 0.006451 0.002035 0.001959 0.035248 0.003919 0.084958 2.000000 2.000000 4.000000 8.000000 38548.306464 354.665931
559.000000 0.178991 0.853309 100.000000 100.000000 0.001857 0.030435 0.008594 0.046821 0.004177 0.030354 1.000000 4.000000 1.000000 6.000000 38351.989535 357.530722
568.000000 0.021822 0.977113 100.000000 100.000000 0.004232 0.075976 0.009852 0.068810 0.007763 0.095716 3.000000 5.000000 4.000000 12.000000 36873.610489 350.126755
926.000000 0.038619 0.953564 100.000000 100.000000 0.008169 0.007178 0.003216 0.084192 0.006530 0.044180 4.000000 1.000000 5.000000 10.000000 38797.492608 359.730675
88.000000 0.105333 0.920455 100.000000 100.000000 0.000435 0.034375 0.003495 0.076175 0.007810 0.001588 1.000000 1.000000 7.000000 9.000000 38618.221887 360.632122
815.000000 0.933408 0.045399 100.000000 100.000000 0.005113 0.078627 0.008530 0.088501 0.009319 0.078023 3.000000 7.000000 5.000000 15.000000 56478.892821 319.571485
937.000000 0.620513 0.364995 100.000000 100.000000 0.000528 0.095765 0.006273 0.040028 0.006252 0.089324 1.000000 3.000000 5.000000 9.000000 40111.567440 374.135549
577.000000 0.935871 0.074523 100.000000 100.000000 0.006283 0.019712 0.005666 0.072931 0.002814 0.022549 4.000000 3.000000 2.000000 9.000000 37039.864273 382.606147
756.000000 0.009504 0.990741 100.000000 100.000000 0.008280 0.073551 0.004373 0.047660 0.000689 0.076085 2.000000 2.000000 1.000000 5.000000 40175.120028 363.032300
827.000000 0.477851 0.493349 100.000000 100.000000 0.006512 0.025107 0.005680 0.014428 0.005436 0.054594 5.000000 3.000000 3.000000 11.000000 43534.802078 352.919507
686.000000 0.492807 0.473761 100.000000 100.000000 0.004477 0.060301 0.000316 0.040466 0.006230 0.013721 4.000000 1.000000 5.000000 10.000000 40010.520031 355.389622
970.000000 0.541331 0.456701 100.000000 100.000000 0.000991 0.015679 0.004987 0.002352 0.006066 0.092546 2.000000 2.000000 4.000000 8.000000 42214.343615 344.739732
523.000000 0.922483 0.055449 100.000000 100.000000 0.000977 0.018819 0.005294 0.082067 0.004920 0.087509 3.000000 4.000000 3.000000 10.000000 38297.357112 311.314249
765.000000 0.677199 0.304575 100.000000 100.000000 0.007070 0.068938 0.006188 0.073833 0.003628 0.075657 3.000000 3.000000 2.000000 8.000000 39564.441636 360.391165
153.000000 0.738066 0.228758 100.000000 100.000000 0.008860 0.067961 0.002930 0.052784 0.009030 0.050343 8.000000 2.000000 5.000000 15.000000 39469.290281 358.192641
599.000000 0.935423 0.070117 100.000000 100.000000 0.002027 0.066320 0.009180 0.098303 0.007517 0.062329 1.000000 8.000000 4.000000 13.000000 43757.696581 376.600692
600.000000 0.521150 0.490000 100.000000 100.000000 0.007748 0.096388 0.005223 0.057368 0.004917 0.006887 4.000000 4.000000 8.000000 16.000000 42789.105493 330.611305
644.000000 0.822175 0.172360 100.000000 100.000000 0.000837 0.030217 0.008387 0.059320 0.006107 0.035174 2.000000 7.000000 2.000000 11.000000 39427.293874 344.071960
718.000000 0.544093 0.483287 100.000000 100.000000 0.004999 0.057692 0.003080 0.035867 0.003026 0.076552 3.000000 2.000000 4.000000 9.000000 37604.333181 356.512592
369.000000 0.900287 0.105691 100.000000 100.000000 0.000920 0.012834 0.004880 0.028281 0.005574 0.017544 2.000000 3.000000 3.000000 8.000000 42955.203727 352.671910
612.000000 0.901357 0.088235 100.000000 100.000000 0.000374 0.011302 0.009673 0.096996 0.006293 0.031952 1.000000 7.000000 5.000000 13.000000 41546.218477 356.095662
856.000000 0.898744 0.103972 100.000000 100.000000 0.007685 0.019754 0.007109 0.088023 0.001166 0.067686 3.000000 4.000000 2.000000 9.000000 35853.033258 342.337677
390.000000 0.571366 0.474359 100.000000 100.000000 0.008815 0.095311 0.003195 0.083055 0.000994 0.055310 3.000000 4.000000 2.000000 9.000000 34004.731753 344.946589
922.000000 0.822498 0.168113 100.000000 100.000000 0.003099 0.073365 0.005837 0.005321 0.008063 0.049883 3.000000 4.000000 3.000000 10.000000 37495.772957 356.039744
837.000000 0.108096 0.893668 100.000000 100.000000 0.004442 0.076388 0.001588 0.010691 0.004770 0.084593 7.000000 2.000000 3.000000 12.000000 39594.029183 355.620477
225.000000 0.874258 0.164444 100.000000 100.000000 0.007300 0.065369 0.001580 0.070266 0.008549 0.048164 4.000000 2.000000 4.000000 10.000000 40795.624332 350.027615
16.000000 0.263846 0.687500 100.000000 100.000000 0.000927 0.047010 0.001595 0.077070 0.009915 0.014884 1.000000 1.000000 4.000000 6.000000 40959.259161 352.031791
227.000000 0.717238 0.237885 100.000000 100.000000 0.001194 0.062373 0.008267 0.017798 0.003968 0.034265 1.000000 4.000000 1.000000 6.000000 37885.218693 355.611126
417.000000 0.160178 0.824940 100.000000 100.000000 0.001005 0.012540 0.004680 0.021637 0.007212 0.097583 1.000000 5.000000 7.000000 13.000000 40058.192395 344.871351
112.000000 0.276338 0.696429 100.000000 100.000000 0.007622 0.042119 0.008995 0.019678 0.007314 0.029484 3.000000 4.000000 4.000000 11.000000 39396.029090 347.662606
18.000000 0.883341 0.111111 100.000000 100.000000 0.005464 0.031168 0.006087 0.087357 0.005074 0.049340 2.000000 4.000000 2.000000 8.000000 39491.050739 348.059532
946.000000 0.747149 0.239958 100.000000 100.000000 0.007024 0.033761 0.007437 0.069875 0.005556 0.051519 2.000000 7.000000 4.000000 13.000000 40216.465456 372.402436
354.000000 0.396977 0.629944 100.000000 100.000000 0.002423 0.099477 0.001194 0.011951 0.009009 0.088219 1.000000 2.000000 6.000000 9.000000 42416.095033 364.826483
860.000000 0.939728 0.056977 100.000000 100.000000 0.009169 0.002413 0.005044 0.072077 0.008885 0.095193 3.000000 4.000000 5.000000 12.000000 31283.714646 397.356908
510.000000 0.803213 0.233333 100.000000 100.000000 0.008467 0.060857 0.008945 0.009593 0.007409 0.082663 3.000000 5.000000 2.000000 10.000000 39920.834409 388.619317
207.000000 0.833572 0.140097 100.000000 100.000000 0.008653 0.084637 0.004602 0.036298 0.004295 0.060136 5.000000 2.000000 3.000000 10.000000 40386.541163 367.998191
941.000000 0.366792 0.637620 100.000000 100.000000 0.003080 0.068382 0.007458 0.005705 0.002448 0.006715 1.000000 3.000000 1.000000 5.000000 39919.632024 360.326212
228.000000 0.586770 0.399123 100.000000 100.000000 0.001136 0.083896 0.004216 0.083721 0.006986 0.073656 2.000000 6.000000 2.000000 10.000000 40908.061490 355.489788
16.000000 0.510201 0.562500 100.000000 100.000000 0.004188 0.094359 0.005495 0.055018 0.002027 0.041144 2.000000 4.000000 3.000000 9.000000 41308.083908 355.601110
903.000000 0.278204 0.705426 100.000000 100.000000 0.003118 0.078349 0.004216 0.004937 0.003779 0.093052 2.000000 3.000000 1.000000 6.000000 39265.910042 359.563387
581.000000 0.812619 0.189329 100.000000 100.000000 0.008893 0.069805 0.001002 0.071685 0.005892 0.098549 3.000000 1.000000 5.000000 9.000000 34982.252071 354.312059
393.000000 0.907055 0.086514 100.000000 100.000000 0.009232 0.088013 0.007780 0.085485 0.000437 0.093933 4.000000 6.000000 1.000000 11.000000 40459.888872 383.499779
985.000000 0.798286 0.197970 100.000000 100.000000 0.006127 0.079688 0.004773 0.040734 0.000620 0.094611 5.000000 4.000000 1.000000 10.000000 42771.231681 366.339009
989.000000 0.380330 0.634985 100.000000 100.000000 0.009805 0.020739 0.003359 0.021112 0.002074 0.060494 6.000000 3.000000 2.000000 11.000000 38992.743561 337.973575
254.000000 0.130914 0.822835 100.000000 100.000000 0.009599 0.028449 0.000409 0.059563 0.009538 0.010748 8.000000 2.000000 3.000000 13.000000 36615.271267 349.424261
757.000000 0.595230 0.384412 100.000000 100.000000 0.004101 0.004619 0.000416 0.006726 0.007989 0.020643 6.000000 1.000000 7.000000 14.000000 43086.577931 368.919307
920.000000 0.531477 0.472826 100.000000 100.000000 0.006210 0.053340 0.006544 0.064632 0.002386 0.017441 3.000000 4.000000 3.000000 10.000000 36345.100638 342.235514
759.000000 0.427311 0.584980 100.000000 100.000000 0.003184 0.082036 0.000359 0.042740 0.007402 0.090462 3.000000 2.000000 6.000000 11.000000 38579.696582 348.618387
849.000000 0.981011 0.024735 100.000000 100.000000 0.003591 0.086001 0.003937 0.006215 0.000269 0.063179 6.000000 1.000000 1.000000 8.000000 33756.387531 398.455753
920.000000 0.744063 0.263043 100.000000 100.000000 0.000755 0.047599 0.001995 0.090359 0.006639 0.052804 2.000000 2.000000 6.000000 10.000000 39863.127841 349.786864
521.000000 0.926166 0.080614 100.000000 100.000000 0.003020 0.008836 0.002752 0.060754 0.000867 0.066184 3.000000 1.000000 1.000000 5.000000 47306.976498 348.352156
858.000000 0.107648 0.883450 100.000000 100.000000 0.000187 0.023996 0.005102 0.036063 0.009472 0.025374 1.000000 5.000000 3.000000 9.000000 39800.028288 364.521993
861.000000 0.607573 0.404181 100.000000 100.000000 0.009378 0.048264 0.002387 0.023791 0.003656 0.015504 6.000000 1.000000 3.000000 10.000000 39448.459585 354.406516
773.000000 0.639599 0.377749 100.000000 100.000000 0.004792 0.074368 0.004752 0.019381 0.008190 0.086345 3.000000 2.000000 5.000000 10.000000 40862.174970 344.099352
708.000000 0.913849 0.105932 100.000000 100.000000 0.007069 0.006412 0.007173 0.039604 0.003692 0.046553 2.000000 6.000000 2.000000 10.000000 36849.918299 299.555755
171.000000 0.200242 0.795322 100.000000 100.000000 0.004454 0.047195 0.003252 0.060519 0.006044 0.031422 4.000000 4.000000 4.000000 12.000000 37990.390778 305.082375
294.000000 0.969465 0.030612 100.000000 100.000000 0.004256 0.080116 0.002294 0.004695 0.000348 0.018477 2.000000 2.000000 1.000000 5.000000 31861.039257 258.110691
719.000000 0.331507 0.671766 100.000000 100.000000 0.000554 0.063433 0.007630 0.010140 0.008673 0.041189 1.000000 4.000000 2.000000 7.000000 42074.140419 347.076619
379.000000 0.153708 0.846966 100.000000 100.000000 0.005430 0.038289 0.002737 0.013519 0.005914 0.060673 6.000000 2.000000 9.000000 17.000000 41300.630253 346.522215
219.000000 0.001193 1.000000 100.000000 100.000000 0.006733 0.005292 0.003702 0.050199 0.001417 0.049838 4.000000 1.000000 1.000000 6.000000 41433.603571 343.838765
13.000000 0.338748 0.615385 100.000000 100.000000 0.002646 0.034223 0.003508 0.037888 0.007225 0.053028 4.000000 1.000000 1.000000 6.000000 41174.553537 343.483585
765.000000 0.841435 0.180392 100.000000 100.000000 0.005944 0.001504 0.008787 0.059132 0.008269 0.027164 2.000000 2.000000 7.000000 11.000000 36775.465435 345.694094
147.000000 0.782883 0.210884 100.000000 100.000000 0.003906 0.091102 0.003752 0.040067 0.004528 0.076264 3.000000 2.000000 4.000000 9.000000 35974.545483 362.256522
193.000000 0.457048 0.554404 100.000000 100.000000 0.008171 0.060739 0.007509 0.074358 0.008765 0.013746 5.000000 4.000000 3.000000 12.000000 37272.620704 350.285556
698.000000 0.873014 0.124642 100.000000 100.000000 0.007003 0.074216 0.004766 0.080093 0.007605 0.038786 2.000000 3.000000 3.000000 8.000000 32108.022961 348.556673
775.000000 0.389562 0.601290 100.000000 100.000000 0.009387 0.037002 0.003395 0.062745 0.000332 0.081410 6.000000 3.000000 1.000000 10.000000 38614.642340 342.072353
595.000000 0.435498 0.566387 100.000000 100.000000 0.002737 0.042052 0.001994 0.011574 0.003433 0.072199 4.000000 2.000000 4.000000 10.000000 40755.278923 356.810147
548.000000 0.597097 0.388686 100.000000 100.000000 0.009497 0.040848 0.005537 0.090985 0.004455 0.084210 8.000000 2.000000 3.000000 13.000000 38705.623077 348.782087
164.000000 0.025256 0.987805 100.000000 100.000000 0.002287 0.047506 0.009237 0.089244 0.007129 0.084371 2.000000 5.000000 4.000000 11.000000 39989.158838 361.989341
786.000000 0.217810 0.768448 100.000000 100.000000 0.005008 0.073938 0.000451 0.095529 0.002066 0.053815 3.000000 1.000000 1.000000 5.000000 40366.310891 353.665667
989.000000 0.085625 0.903943 100.000000 100.000000 0.000972 0.010696 0.006609 0.002736 0.000450 0.049378 1.000000 4.000000 1.000000 6.000000 38493.542551 353.420670
746.000000 0.297141 0.711796 100.000000 100.000000 0.005963 0.006487 0.007166 0.058748 0.003984 0.070332 2.000000 6.000000 4.000000 12.000000 39578.895349 353.979123
545.000000 0.638230 0.392661 100.000000 100.000000 0.002500 0.073972 0.008902 0.099581 0.004006 0.032457 1.000000 8.000000 1.000000 10.000000 42327.499048 356.783544
24.000000 0.013660 1.000000 100.000000 100.000000 0.004104 0.058181 0.004709 0.095891 0.000324 0.089209 3.000000 5.000000 1.000000 9.000000 42940.486041 354.611919
555.000000 0.268475 0.729730 100.000000 100.000000 0.000430 0.026252 0.004809 0.095844 0.003340 0.062457 1.000000 2.000000 3.000000 6.000000 39303.010706 348.942352
161.000000 0.405761 0.627329 100.000000 100.000000 0.007650 0.063349 0.004744 0.078956 0.002069 0.049915 4.000000 7.000000 1.000000 12.000000 39025.467542 353.724852
42.000000 0.136464 0.928571 100.000000 100.000000 0.007138 0.054695 0.002987 0.023509 0.001949 0.052990 2.000000 1.000000 1.000000 4.000000 38777.078270 351.441070
633.000000 0.277732 0.715640 100.000000 100.000000 0.009338 0.083736 0.001337 0.034393 0.009990 0.058602 7.000000 1.000000 3.000000 11.000000 41179.917314 358.205427
427.000000 0.790423 0.217799 100.000000 100.000000 0.008836 0.063820 0.000588 0.017900 0.006546 0.028583 6.000000 1.000000 6.000000 13.000000 43284.134124 364.096616
928.000000 0.788581 0.203664 100.000000 100.000000 0.002864 0.068812 0.001859 0.028556 0.008572 0.039246 1.000000 1.000000 4.000000 6.000000 40553.352638 366.906459
945.000000 0.500794 0.485714 100.000000 100.000000 0.003763 0.085412 0.003538 0.091926 0.003544 0.025259 3.000000 4.000000 3.000000 10.000000 39512.001964 357.579566
269.000000 0.634224 0.356877 100.000000 100.000000 0.008095 0.040806 0.004095 0.075893 0.006103 0.039073 6.000000 6.000000 1.000000 13.000000 39740.626150 370.950279
883.000000 0.864379 0.132503 100.000000 100.000000 0.003194 0.061808 0.006645 0.037630 0.006377 0.096829 3.000000 5.000000 6.000000 14.000000 34104.050480 349.297349
971.000000 0.962821 0.033986 100.000000 100.000000 0.007838 0.014181 0.008331 0.075118 0.008726 0.085597 2.000000 6.000000 3.000000 11.000000 34082.508626 345.225253
338.000000 0.811549 0.171598 100.000000 100.000000 0.009439 0.071337 0.006109 0.002971 0.005173 0.084140 7.000000 3.000000 3.000000 13.000000 32198.831875 349.403703
131.000000 0.738514 0.290076 100.000000 100.000000 0.003216 0.021353 0.009316 0.027412 0.004328 0.010563 4.000000 7.000000 4.000000 15.000000 33576.468881 336.372649
68.000000 0.057431 0.941176 100.000000 100.000000 0.009020 0.025073 0.007130 0.010376 0.003495 0.075952 4.000000 2.000000 1.000000 7.000000 33381.375928 341.493137
975.000000 0.709101 0.272821 100.000000 100.000000 0.000490 0.085798 0.009516 0.040795 0.004921 0.002988 1.000000 6.000000 2.000000 9.000000 36586.720194 330.838257
113.000000 0.899515 0.070796 100.000000 100.000000 0.004302 0.016294 0.001044 0.008652 0.008320 0.042615 3.000000 1.000000 5.000000 9.000000 37206.038547 324.540290
520.000000 0.385107 0.625000 100.000000 100.000000 0.000827 0.050444 0.002102 0.064429 0.007131 0.028807 2.000000 2.000000 3.000000 7.000000 35845.171428 335.638390
423.000000 0.033243 0.973995 100.000000 100.000000 0.001572 0.072616 0.002559 0.041704 0.004443 0.095909 2.000000 4.000000 4.000000 10.000000 34238.909502 334.125638
12.000000 0.928157 0.166667 100.000000 100.000000 0.000510 0.054308 0.006909 0.074640 0.000572 0.075261 1.000000 2.000000 1.000000 4.000000 34233.684369 336.985000
562.000000 0.891503 0.113879 100.000000 100.000000 0.005593 0.048963 0.001330 0.060276 0.002613 0.055847 4.000000 3.000000 2.000000 9.000000 37293.085706 340.609476
860.000000 0.398669 0.593023 100.000000 100.000000 0.006976 0.044022 0.004394 0.075752 0.005249 0.057816 6.000000 4.000000 3.000000 13.000000 38947.433177 352.778271
525.000000 0.224405 0.769524 100.000000 100.000000 0.002577 0.057432 0.001431 0.033274 0.006604 0.036234 2.000000 1.000000 4.000000 7.000000 37793.279741 340.714774
419.000000 0.828023 0.145585 100.000000 100.000000 0.001214 0.058391 0.002023 0.072352 0.001983 0.017895 1.000000 2.000000 3.000000 6.000000 34386.092710 354.395888
230.000000 0.665205 0.295652 100.000000 100.000000 0.003480 0.010662 0.008058 0.097684 0.008410 0.070736 3.000000 5.000000 2.000000 10.000000 35375.191376 357.207645
571.000000 0.264493 0.721541 100.000000 100.000000 0.005450 0.034308 0.006394 0.068072 0.003929 0.044303 4.000000 3.000000 1.000000 8.000000 38014.544495 339.792024
927.000000 0.284973 0.711974 100.000000 100.000000 0.001530 0.054527 0.007116 0.062141 0.008542 0.070441 1.000000 4.000000 7.000000 12.000000 40552.717275 357.171133
521.000000 0.724479 0.284069 100.000000 100.000000 0.003286 0.033163 0.004145 0.045546 0.002520 0.046104 2.000000 8.000000 2.000000 12.000000 43296.745423 340.918277
573.000000 0.730651 0.268761 100.000000 100.000000 0.005924 0.005486 0.005131 0.004578 0.000354 0.043535 3.000000 4.000000 2.000000 9.000000 37102.501949 372.624674
378.000000 0.485864 0.447090 100.000000 100.000000 0.005222 0.091438 0.005395 0.061804 0.001242 0.041362 5.000000 4.000000 2.000000 11.000000 35942.854943 359.406478
627.000000 0.240430 0.754386 100.000000 100.000000 0.009896 0.091094 0.000859 0.029027 0.008117 0.009770 3.000000 4.000000 3.000000 10.000000 38523.575769 349.942826
176.000000 0.368012 0.642045 100.000000 100.000000 0.003953 0.018314 0.007780 0.098962 0.004899 0.040863 3.000000 5.000000 6.000000 14.000000 38119.814087 350.497930
510.000000 0.426390 0.598039 100.000000 100.000000 0.005148 0.035032 0.000995 0.097568 0.008415 0.095793 2.000000 1.000000 5.000000 8.000000 39941.478278 345.970848
373.000000 0.564448 0.436997 100.000000 100.000000 0.008984 0.068668 0.004766 0.001309 0.004399 0.058181 4.000000 2.000000 3.000000 9.000000 39902.621100 331.044471
553.000000 0.600630 0.370705 100.000000 100.000000 0.000222 0.079401 0.007466 0.045129 0.008569 0.043145 2.000000 2.000000 7.000000 11.000000 40008.071194 346.366906
411.000000 0.488800 0.506083 100.000000 100.000000 0.000173 0.027136 0.005409 0.016778 0.008326 0.020337 1.000000 3.000000 3.000000 7.000000 38532.188351 343.763016
844.000000 0.813242 0.189573 100.000000 100.000000 0.004092 0.015882 0.009309 0.066772 0.001414 0.053738 4.000000 6.000000 2.000000 12.000000 35070.386691 348.107585
504.000000 0.755012 0.248016 100.000000 100.000000 0.004315 0.049628 0.001723 0.092709 0.009530 0.018547 3.000000 3.000000 4.000000 10.000000 35984.093501 353.560854
779.000000 0.594782 0.433890 100.000000 100.000000 0.009746 0.051227 0.003930 0.032098 0.002792 0.060424 8.000000 4.000000 2.000000 14.000000 39924.679413 345.295947
526.000000 0.258173 0.726236 100.000000 100.000000 0.001393 0.011521 0.009880 0.084496 0.004363 0.027132 1.000000 3.000000 4.000000 8.000000 38130.942681 346.132537
536.000000 0.970535 0.035448 100.000000 100.000000 0.003711 0.078585 0.007087 0.073409 0.001067 0.032885 2.000000 5.000000 1.000000 8.000000 43547.067577 344.549309
197.000000 0.039091 0.959391 100.000000 100.000000 0.001949 0.001790 0.006095 0.054736 0.000320 0.078630 1.000000 4.000000 1.000000 6.000000 38352.367339 348.809676
615.000000 0.237046 0.741463 100.000000 100.000000 0.000790 0.004005 0.004359 0.099425 0.005736 0.070575 1.000000 1.000000 3.000000 5.000000 36722.298246 356.628081
161.000000 0.700466 0.298137 100.000000 100.000000 0.006582 0.073391 0.001495 0.097332 0.003693 0.061031 4.000000 1.000000 4.000000 9.000000 36424.942945 360.272833
747.000000 0.625614 0.385542 100.000000 100.000000 0.003712 0.069619 0.002465 0.029346 0.003367 0.072347 4.000000 3.000000 3.000000 10.000000 39813.215027 346.570262
462.000000 0.625440 0.370130 100.000000 100.000000 0.002869 0.076935 0.000545 0.008888 0.003142 0.077377 1.000000 1.000000 2.000000 4.000000 36863.844037 358.981381
194.000000 0.408698 0.567010 100.000000 100.000000 0.002600 0.098046 0.004758 0.033930 0.009154 0.028891 1.000000 3.000000 5.000000 9.000000 36724.776380 352.746340
27.000000 0.009977 1.000000 100.000000 100.000000 0.002060 0.068164 0.007252 0.018204 0.004378 0.011535 1.000000 3.000000 1.000000 5.000000 36936.269747 351.160481
545.000000 0.720348 0.282569 100.000000 100.000000 0.006887 0.089755 0.000301 0.092231 0.001377 0.008211 4.000000 1.000000 1.000000 6.000000 40657.873874 341.682747
9.000000 0.051409 1.000000 100.000000 100.000000 0.007800 0.004215 0.001673 0.075886 0.007394 0.098261 3.000000 1.000000 2.000000 6.000000 40942.019301 342.740608
748.000000 0.047104 0.951872 100.000000 100.000000 0.000658 0.068121 0.005809 0.003112 0.006026 0.065397 1.000000 5.000000 3.000000 9.000000 37481.357793 345.413922
187.000000 0.785670 0.245989 100.000000 100.000000 0.007338 0.075335 0.008237 0.069498 0.009880 0.035500 5.000000 6.000000 5.000000 16.000000 36491.243283 356.370266
488.000000 0.710644 0.266393 100.000000 100.000000 0.003625 0.078879 0.007287 0.080053 0.009329 0.051846 3.000000 4.000000 7.000000 14.000000 38824.739322 355.545574
788.000000 0.885655 0.118020 100.000000 100.000000 0.005216 0.020789 0.007694 0.047244 0.006737 0.073126 6.000000 7.000000 4.000000 17.000000 40593.383116 347.404055
583.000000 0.185759 0.833619 100.000000 100.000000 0.000269 0.006614 0.001594 0.005024 0.008940 0.007744 1.000000 2.000000 8.000000 11.000000 37659.332945 349.877495
252.000000 0.922011 0.075397 100.000000 100.000000 0.007197 0.024207 0.002416 0.012523 0.001231 0.053060 4.000000 4.000000 1.000000 9.000000 38543.968141 345.910065
713.000000 0.458441 0.559607 100.000000 100.000000 0.009887 0.003356 0.009752 0.089073 0.001541 0.042864 5.000000 6.000000 2.000000 13.000000 36938.042018 365.819992
650.000000 0.777358 0.200000 100.000000 100.000000 0.005791 0.007076 0.007566 0.072037 0.000709 0.009253 1.000000 5.000000 1.000000 7.000000 37209.832055 339.085125
708.000000 0.585376 0.403955 100.000000 100.000000 0.009320 0.042280 0.001973 0.069006 0.004310 0.044538 5.000000 2.000000 3.000000 10.000000 36042.603813 349.243371
329.000000 0.263423 0.726444 100.000000 100.000000 0.005996 0.035839 0.001601 0.098357 0.003210 0.029894 4.000000 3.000000 3.000000 10.000000 35966.253379 357.784689
655.000000 0.239833 0.741985 100.000000 100.000000 0.004222 0.087238 0.008844 0.029856 0.001187 0.029811 4.000000 5.000000 2.000000 11.000000 36794.041233 345.838888
325.000000 0.517143 0.452308 100.000000 100.000000 0.003444 0.063222 0.000416 0.033680 0.007014 0.013504 2.000000 1.000000 4.000000 7.000000 38959.340026 360.534086
849.000000 0.063130 0.941107 100.000000 100.000000 0.007978 0.002784 0.005237 0.097865 0.007539 0.038933 3.000000 2.000000 3.000000 8.000000 39191.233024 367.375626
43.000000 0.099013 0.906977 100.000000 100.000000 0.006278 0.011589 0.006980 0.092600 0.008244 0.083417 3.000000 3.000000 4.000000 10.000000 39277.634367 367.670990
308.000000 0.345989 0.623377 100.000000 100.000000 0.004738 0.005014 0.009287 0.065635 0.005777 0.064867 2.000000 3.000000 5.000000 10.000000 39789.088041 359.365997
22.000000 0.088561 0.954545 100.000000 100.000000 0.005823 0.045393 0.006623 0.056709 0.007535 0.028354 5.000000 5.000000 3.000000 13.000000 40378.460852 357.463116
69.000000 0.221667 0.869565 100.000000 100.000000 0.007894 0.056639 0.009730 0.094675 0.008136 0.027459 4.000000 6.000000 3.000000 13.000000 40474.430442 356.581165
674.000000 0.489422 0.537092 100.000000 100.000000 0.005271 0.072212 0.003816 0.011864 0.003848 0.074526 3.000000 4.000000 3.000000 10.000000 38356.514099 356.420182
885.000000 0.614341 0.364972 100.000000 100.000000 0.007790 0.024442 0.005288 0.080995 0.008419 0.091894 6.000000 3.000000 4.000000 13.000000 40803.592881 347.645333
67.000000 0.471705 0.641791 100.000000 100.000000 0.003299 0.094005 0.001187 0.051311 0.006094 0.032394 1.000000 1.000000 4.000000 6.000000 40448.986282 350.819806
953.000000 0.370177 0.641133 100.000000 100.000000 0.002286 0.056471 0.003958 0.034307 0.004829 0.044910 3.000000 2.000000 5.000000 10.000000 39671.928345 366.899527
911.000000 0.699545 0.338090 100.000000 100.000000 0.008546 0.026387 0.002130 0.053161 0.004706 0.066363 4.000000 3.000000 3.000000 10.000000 38372.106638 348.432800
880.000000 0.741276 0.281818 100.000000 100.000000 0.007223 0.063366 0.007409 0.060927 0.001288 0.093568 6.000000 4.000000 1.000000 11.000000 34938.851987 339.704658
181.000000 0.994723 0.011050 100.000000 100.000000 0.001258 0.031042 0.001759 0.042081 0.000119 0.012928 2.000000 1.000000 1.000000 4.000000 36615.027596 324.881233
551.000000 0.932786 0.072595 100.000000 100.000000 0.009914 0.033550 0.000223 0.093415 0.003897 0.023833 7.000000 1.000000 5.000000 13.000000 37061.463082 358.482112
692.000000 0.999948 0.001445 100.000000 100.000000 0.006436 0.014139 0.006888 0.060026 0.000474 0.040460 2.000000 6.000000 1.000000 9.000000 20768.633942 419.416256
910.000000 0.031701 0.965934 100.000000 100.000000 0.008338 0.079536 0.004787 0.002446 0.009935 0.047051 9.000000 2.000000 5.000000 16.000000 39245.655556 351.476096
708.000000 0.372790 0.617232 100.000000 100.000000 0.004875 0.048020 0.006523 0.043279 0.009957 0.009176 4.000000 2.000000 3.000000 9.000000 39165.167498 349.083586
334.000000 0.808016 0.245509 100.000000 100.000000 0.008814 0.032784 0.004180 0.048827 0.001059 0.026206 6.000000 3.000000 1.000000 10.000000 38725.782005 366.439849
37.000000 0.804457 0.216216 100.000000 100.000000 0.008765 0.052010 0.005759 0.098766 0.008353 0.092041 5.000000 3.000000 2.000000 10.000000 38492.901696 361.566563
181.000000 0.289427 0.707182 100.000000 100.000000 0.000190 0.041084 0.008409 0.060457 0.001743 0.024044 2.000000 5.000000 2.000000 9.000000 37464.134149 352.888047
248.000000 0.093613 0.875000 100.000000 100.000000 0.000258 0.035806 0.009831 0.054196 0.007665 0.060916 1.000000 2.000000 3.000000 6.000000 38459.964595 352.704827
966.000000 0.959287 0.036232 100.000000 100.000000 0.007213 0.074628 0.006402 0.021974 0.004612 0.027663 5.000000 2.000000 4.000000 11.000000 39903.683548 346.245160
313.000000 0.312072 0.690096 100.000000 100.000000 0.004504 0.099461 0.005309 0.088870 0.006286 0.054229 4.000000 5.000000 2.000000 11.000000 41827.743617 369.102267
119.000000 0.735130 0.235294 100.000000 100.000000 0.004009 0.033264 0.002916 0.097810 0.001946 0.071368 6.000000 4.000000 2.000000 12.000000 40903.691594 367.301659
178.000000 0.035856 0.966292 100.000000 100.000000 0.004161 0.064165 0.005123 0.050677 0.009571 0.060175 3.000000 5.000000 3.000000 11.000000 40969.800915 368.836271
279.000000 0.346587 0.684588 100.000000 100.000000 0.000513 0.008870 0.001302 0.064806 0.002807 0.044826 2.000000 1.000000 2.000000 5.000000 40926.597945 355.974195
674.000000 0.489422 0.537092 100.000000 100.000000 0.005271 0.072212 0.003816 0.011864 0.003848 0.074526 3.000000 4.000000 3.000000 10.000000 38391.707274 336.180118
362.000000 0.277259 0.726519 100.000000 100.000000 0.005657 0.089124 0.008359 0.063850 0.006301 0.024153 2.000000 3.000000 6.000000 11.000000 36309.497362 333.338144
146.000000 0.279274 0.705479 100.000000 100.000000 0.002572 0.076817 0.009009 0.073652 0.004498 0.008460 5.000000 5.000000 2.000000 12.000000 37400.541754 326.229899
678.000000 0.366170 0.604720 100.000000 100.000000 0.007881 0.023306 0.009051 0.010618 0.006926 0.051526 6.000000 3.000000 2.000000 11.000000 38284.232554 352.629004
400.000000 0.283729 0.700000 100.000000 100.000000 0.001233 0.063374 0.000402 0.071968 0.007599 0.061063 1.000000 1.000000 5.000000 7.000000 37748.387557 340.118245
78.000000 0.228735 0.820513 100.000000 100.000000 0.009144 0.034746 0.003688 0.002964 0.006464 0.044328 5.000000 1.000000 2.000000 8.000000 38075.162113 342.795813
596.000000 0.021224 0.991611 100.000000 100.000000 0.008458 0.072120 0.007937 0.069640 0.000834 0.016757 7.000000 3.000000 1.000000 11.000000 38946.124379 337.736835
193.000000 0.998107 0.000000 100.000000 100.000000 0.000464 0.019131 0.008159 0.070682 0.002501 0.051123 1.000000 6.000000 3.000000 10.000000 32418.011281 353.960882
438.000000 0.995494 0.004566 100.000000 100.000000 0.007776 0.027582 0.005594 0.061710 0.007273 0.086857 4.000000 3.000000 4.000000 11.000000 39630.437908 453.371267
167.000000 0.984122 0.005988 100.000000 100.000000 0.009284 0.014383 0.005872 0.080648 0.007577 0.037124 4.000000 2.000000 4.000000 10.000000 22.263123 676.893732
995.000000 0.417631 0.616080 100.000000 100.000000 0.009246 0.013381 0.003837 0.026478 0.003947 0.010327 6.000000 4.000000 2.000000 12.000000 39473.162949 351.557316
401.000000 0.235379 0.795511 100.000000 100.000000 0.005562 0.001681 0.007551 0.031540 0.007987 0.076207 4.000000 3.000000 6.000000 13.000000 38734.366418 355.955937
441.000000 0.708006 0.267574 100.000000 100.000000 0.001611 0.046110 0.008231 0.075165 0.005710 0.013350 1.000000 5.000000 4.000000 10.000000 39890.986614 361.080844
723.000000 0.252922 0.745505 100.000000 100.000000 0.006691 0.086203 0.008259 0.070635 0.005516 0.024370 4.000000 7.000000 2.000000 13.000000 37866.726031 363.729249
301.000000 0.887198 0.096346 100.000000 100.000000 0.008351 0.013870 0.005466 0.086502 0.001245 0.022984 5.000000 3.000000 1.000000 9.000000 32387.837954 368.100673
542.000000 0.182972 0.848708 100.000000 100.000000 0.006737 0.022380 0.007009 0.074593 0.003588 0.048508 5.000000 4.000000 3.000000 12.000000 38393.083960 360.799467
445.000000 0.454286 0.555056 100.000000 100.000000 0.004163 0.018727 0.009416 0.040842 0.001906 0.029740 3.000000 5.000000 1.000000 9.000000 37597.549549 354.523617
368.000000 0.855619 0.130435 100.000000 100.000000 0.007292 0.040158 0.009487 0.065541 0.001908 0.011362 6.000000 5.000000 1.000000 12.000000 41755.266759 352.019653
593.000000 0.357063 0.654300 100.000000 100.000000 0.000393 0.016286 0.008052 0.096612 0.002009 0.075120 1.000000 5.000000 1.000000 7.000000 35866.961389 346.599342
255.000000 0.634523 0.368627 100.000000 100.000000 0.001033 0.042734 0.005052 0.025978 0.009568 0.078553 2.000000 2.000000 6.000000 10.000000 35105.623484 334.846687
656.000000 0.825559 0.169207 100.000000 100.000000 0.009943 0.018306 0.004888 0.087922 0.008488 0.073369 4.000000 8.000000 3.000000 15.000000 36026.709496 339.505118
999.000000 0.092692 0.906907 100.000000 100.000000 0.002222 0.087802 0.000566 0.010024 0.008678 0.066247 1.000000 1.000000 9.000000 11.000000 39712.388963 358.402763
574.000000 0.141241 0.865854 100.000000 100.000000 0.008060 0.084401 0.001730 0.066826 0.007007 0.021302 4.000000 1.000000 4.000000 9.000000 39309.802658 361.374076
544.000000 0.932935 0.069853 100.000000 100.000000 0.001433 0.084014 0.005652 0.018957 0.005630 0.043573 4.000000 1.000000 3.000000 8.000000 36143.074403 355.096249
395.000000 0.985491 0.007595 100.000000 100.000000 0.001676 0.014779 0.001723 0.099447 0.001861 0.091012 2.000000 1.000000 1.000000 4.000000 34765.429274 363.599135
688.000000 0.876846 0.143895 100.000000 100.000000 0.000565 0.015697 0.007652 0.083323 0.005284 0.037200 1.000000 4.000000 5.000000 10.000000 42849.283607 345.811645
233.000000 0.672421 0.326180 100.000000 100.000000 0.006148 0.039232 0.007445 0.030515 0.008470 0.008344 5.000000 2.000000 2.000000 9.000000 43764.554294 346.838600
596.000000 0.939106 0.063758 100.000000 100.000000 0.004071 0.056337 0.006637 0.076990 0.003463 0.041004 4.000000 5.000000 2.000000 11.000000 37373.399006 321.731180
451.000000 0.584605 0.454545 100.000000 100.000000 0.002803 0.045739 0.008038 0.049377 0.007056 0.069610 3.000000 6.000000 5.000000 14.000000 39344.817644 337.229792
198.000000 0.083759 0.924242 100.000000 100.000000 0.005476 0.073467 0.001488 0.017476 0.003985 0.084811 5.000000 2.000000 7.000000 14.000000 37856.450371 338.545607
953.000000 0.829118 0.176285 100.000000 100.000000 0.009993 0.098080 0.003309 0.037982 0.001194 0.007533 2.000000 1.000000 2.000000 5.000000 36820.005524 343.085146
823.000000 0.060044 0.942892 100.000000 100.000000 0.001709 0.016622 0.009695 0.019348 0.008623 0.040217 1.000000 7.000000 10.000000 18.000000 38702.467901 340.385045
17.000000 0.920791 0.058824 100.000000 100.000000 0.006324 0.074274 0.002094 0.018266 0.008679 0.018912 2.000000 1.000000 4.000000 7.000000 38375.759372 336.830576
660.000000 0.112898 0.893939 100.000000 100.000000 0.004789 0.048315 0.006723 0.049924 0.008319 0.028136 3.000000 3.000000 4.000000 10.000000 37961.383668 335.150034
815.000000 0.933408 0.045399 100.000000 100.000000 0.005113 0.078627 0.008530 0.088501 0.009319 0.078023 3.000000 7.000000 5.000000 15.000000 53657.155918 303.045272
970.000000 0.623449 0.381443 100.000000 100.000000 0.005378 0.031462 0.006287 0.094001 0.003437 0.068300 3.000000 3.000000 3.000000 9.000000 40228.780558 354.894779
23.000000 0.427933 0.565217 100.000000 100.000000 0.008283 0.028113 0.008666 0.037826 0.002924 0.045651 3.000000 1.000000 1.000000 5.000000 39966.835949 355.131294
575.000000 0.644850 0.347826 100.000000 100.000000 0.009394 0.098686 0.006373 0.033242 0.007037 0.089107 4.000000 3.000000 3.000000 10.000000 38120.079284 373.795242
336.000000 0.815232 0.181548 100.000000 100.000000 0.001582 0.061354 0.003566 0.080658 0.001119 0.062814 2.000000 4.000000 2.000000 8.000000 40471.469428 354.724525
656.000000 0.743441 0.263720 100.000000 100.000000 0.005556 0.002523 0.003588 0.095272 0.001218 0.097615 7.000000 3.000000 1.000000 11.000000 37907.818932 330.804419
952.000000 0.123822 0.877101 100.000000 100.000000 0.008925 0.009122 0.009959 0.056358 0.002818 0.018649 7.000000 6.000000 4.000000 17.000000 39141.926465 349.743518
677.000000 0.496639 0.528804 100.000000 100.000000 0.007939 0.001782 0.003202 0.043695 0.003909 0.012135 6.000000 1.000000 1.000000 8.000000 38521.893526 347.527624
730.000000 0.170655 0.834247 100.000000 100.000000 0.000886 0.019956 0.001530 0.053443 0.006413 0.028877 1.000000 2.000000 4.000000 7.000000 39599.912287 343.914998
177.000000 0.991189 0.005650 100.000000 100.000000 0.000634 0.091489 0.009730 0.087936 0.005905 0.053994 3.000000 5.000000 3.000000 11.000000 38317.442215 377.130261
362.000000 0.064672 0.928177 100.000000 100.000000 0.001212 0.094864 0.003009 0.038123 0.002048 0.087790 1.000000 3.000000 1.000000 5.000000 39663.500338 349.553672
678.000000 0.825111 0.191740 100.000000 100.000000 0.005688 0.064914 0.008401 0.014294 0.003291 0.014149 5.000000 3.000000 3.000000 11.000000 43022.140614 340.249205
3.000000 0.838972 0.000000 100.000000 100.000000 0.004774 0.060419 0.001752 0.074702 0.004874 0.082638 2.000000 1.000000 1.000000 4.000000 42940.768639 340.439451
610.000000 0.397749 0.586885 100.000000 100.000000 0.008940 0.096017 0.005030 0.031580 0.006263 0.063147 5.000000 5.000000 1.000000 11.000000 42040.423236 349.244154
211.000000 0.874556 0.123223 100.000000 100.000000 0.000237 0.067297 0.002537 0.020351 0.002114 0.087643 1.000000 3.000000 1.000000 5.000000 39603.440342 353.054508
372.000000 0.989621 0.013441 100.000000 100.000000 0.007975 0.057187 0.005566 0.052762 0.003005 0.029906 4.000000 3.000000 3.000000 10.000000 37461.027701 356.353354
369.000000 0.112873 0.891599 100.000000 100.000000 0.005365 0.007094 0.000331 0.054008 0.009827 0.052906 3.000000 1.000000 7.000000 11.000000 41291.831457 349.898384
660.000000 0.030780 0.962121 100.000000 100.000000 0.000402 0.032532 0.005423 0.057274 0.001048 0.052383 1.000000 3.000000 1.000000 5.000000 42180.092177 352.028208
761.000000 0.800451 0.181340 100.000000 100.000000 0.004460 0.018845 0.000952 0.075078 0.000550 0.098657 2.000000 2.000000 2.000000 6.000000 40110.974451 334.449959
801.000000 0.556884 0.439451 100.000000 100.000000 0.004630 0.054729 0.001537 0.027561 0.003890 0.031632 4.000000 1.000000 1.000000 6.000000 42499.310456 354.829331
512.000000 0.094235 0.896484 100.000000 100.000000 0.005356 0.080883 0.008238 0.049283 0.003187 0.016105 5.000000 1.000000 2.000000 8.000000 40519.816353 345.767569
892.000000 0.073133 0.929372 100.000000 100.000000 0.004178 0.015587 0.009109 0.060127 0.003051 0.034777 3.000000 4.000000 3.000000 10.000000 41105.661126 352.361590
213.000000 0.165578 0.868545 100.000000 100.000000 0.007026 0.087322 0.001830 0.060041 0.007791 0.021085 6.000000 4.000000 7.000000 17.000000 40137.637064 348.616368
579.000000 0.309011 0.702936 100.000000 100.000000 0.007559 0.055520 0.006259 0.006270 0.005862 0.030744 6.000000 4.000000 4.000000 14.000000 40854.770335 348.610846
512.000000 0.340589 0.685547 100.000000 100.000000 0.008618 0.029232 0.002237 0.027231 0.005198 0.042365 1.000000 1.000000 4.000000 6.000000 39543.372136 350.993888
474.000000 0.252001 0.776371 100.000000 100.000000 0.008655 0.039198 0.008895 0.026464 0.006530 0.029702 5.000000 7.000000 4.000000 16.000000 38567.661644 352.748756
220.000000 0.083311 0.931818 100.000000 100.000000 0.001221 0.021075 0.005002 0.042848 0.008688 0.025592 1.000000 6.000000 3.000000 10.000000 40432.170730 352.096591
371.000000 0.273427 0.743935 100.000000 100.000000 0.002196 0.048643 0.005473 0.060620 0.008622 0.025739 3.000000 3.000000 3.000000 9.000000 39721.655326 345.401099
810.000000 0.765638 0.233333 100.000000 100.000000 0.005614 0.008508 0.004002 0.050058 0.000564 0.068581 6.000000 2.000000 1.000000 9.000000 42404.242340 376.167601
157.000000 0.741600 0.292994 100.000000 100.000000 0.009485 0.007514 0.004859 0.006929 0.003244 0.009278 10.000000 3.000000 1.000000 14.000000 43612.093403 383.947660
702.000000 0.537175 0.455840 100.000000 100.000000 0.005168 0.031050 0.004651 0.053121 0.006430 0.079423 6.000000 3.000000 1.000000 10.000000 42167.381951 335.891501
82.000000 0.139250 0.865854 100.000000 100.000000 0.000670 0.038929 0.007472 0.052940 0.007301 0.012226 1.000000 3.000000 4.000000 8.000000 42093.344511 339.816491
888.000000 0.950031 0.048423 100.000000 100.000000 0.008206 0.017145 0.009874 0.083424 0.007862 0.031517 6.000000 7.000000 6.000000 19.000000 39603.661421 388.736736
795.000000 0.426565 0.583648 100.000000 100.000000 0.005991 0.027716 0.002916 0.019026 0.008640 0.090763 3.000000 3.000000 5.000000 11.000000 38316.402051 354.296352
338.000000 0.352608 0.627219 100.000000 100.000000 0.001732 0.029728 0.006759 0.098296 0.008808 0.022517 2.000000 2.000000 5.000000 9.000000 38941.598147 361.388764
797.000000 0.056958 0.929737 100.000000 100.000000 0.005340 0.030461 0.004252 0.039832 0.009706 0.041502 3.000000 2.000000 5.000000 10.000000 39907.624833 345.217750
871.000000 0.980563 0.021814 100.000000 100.000000 0.009235 0.033609 0.007451 0.031587 0.004971 0.003960 6.000000 4.000000 3.000000 13.000000 42756.406901 262.389171
266.000000 0.216417 0.812030 100.000000 100.000000 0.003292 0.032321 0.008109 0.080814 0.009290 0.024697 1.000000 3.000000 5.000000 9.000000 36727.744408 268.865660
187.000000 0.244611 0.737968 100.000000 100.000000 0.005144 0.017944 0.007587 0.073174 0.006245 0.097123 1.000000 3.000000 3.000000 7.000000 36257.066788 261.622404
253.000000 0.086247 0.932806 100.000000 100.000000 0.006071 0.055773 0.005016 0.096822 0.005872 0.004567 2.000000 3.000000 6.000000 11.000000 36268.498964 268.302225
82.000000 0.269719 0.743902 100.000000 100.000000 0.000728 0.017405 0.001623 0.086017 0.004283 0.071835 2.000000 4.000000 1.000000 7.000000 36875.283909 267.575686
188.000000 0.289278 0.765957 100.000000 100.000000 0.008672 0.089620 0.002980 0.035914 0.009910 0.004304 5.000000 3.000000 5.000000 13.000000 36783.363274 273.064753
376.000000 0.359078 0.654255 100.000000 100.000000 0.007207 0.003979 0.008702 0.007414 0.000206 0.059427 3.000000 5.000000 1.000000 9.000000 36527.581368 266.016583
349.000000 0.229207 0.750716 100.000000 100.000000 0.002924 0.029358 0.006566 0.072507 0.000254 0.078777 2.000000 1.000000 1.000000 4.000000 37964.253556 265.499189
101.000000 0.814013 0.128713 100.000000 100.000000 0.000709 0.012422 0.003244 0.086401 0.008568 0.028666 1.000000 3.000000 8.000000 12.000000 37808.145340 262.573592
545.000000 0.884585 0.124771 100.000000 100.000000 0.005762 0.022321 0.002901 0.077530 0.006018 0.058718 3.000000 5.000000 4.000000 12.000000 39210.367151 291.566843
705.000000 0.249687 0.768794 100.000000 100.000000 0.008904 0.049577 0.007287 0.066576 0.004867 0.005915 6.000000 4.000000 3.000000 13.000000 40325.365367 331.112878
252.000000 0.216715 0.781746 100.000000 100.000000 0.006129 0.034249 0.009066 0.030899 0.002855 0.064176 5.000000 4.000000 3.000000 12.000000 41141.071236 329.199640
606.000000 0.946173 0.049505 100.000000 100.000000 0.005320 0.034443 0.000595 0.084279 0.001791 0.057873 3.000000 2.000000 2.000000 7.000000 35857.795689 321.696420
806.000000 0.560417 0.436725 100.000000 100.000000 0.005255 0.093282 0.003466 0.080705 0.008004 0.089567 6.000000 2.000000 5.000000 13.000000 38674.059131 353.146913
239.000000 0.802740 0.188285 100.000000 100.000000 0.004787 0.066245 0.006067 0.039050 0.003720 0.048214 4.000000 2.000000 3.000000 9.000000 40836.411321 360.211990
460.000000 0.334418 0.634783 100.000000 100.000000 0.005980 0.056909 0.001252 0.068198 0.007365 0.044935 4.000000 1.000000 2.000000 7.000000 36487.239552 362.003971
684.000000 0.414371 0.600877 100.000000 100.000000 0.002134 0.034535 0.006373 0.026503 0.004806 0.016642 2.000000 2.000000 4.000000 8.000000 41022.596717 355.908603
761.000000 0.177274 0.843627 100.000000 100.000000 0.007779 0.044670 0.008902 0.086104 0.009444 0.085527 3.000000 7.000000 2.000000 12.000000 39566.618175 349.050536
612.000000 0.065593 0.937908 100.000000 100.000000 0.009148 0.042868 0.002373 0.082295 0.001034 0.082459 5.000000 2.000000 2.000000 9.000000 39517.739700 353.707296
574.000000 0.977005 0.026132 100.000000 100.000000 0.009186 0.052835 0.009030 0.081527 0.002365 0.069795 6.000000 4.000000 1.000000 11.000000 46154.413793 344.216023
357.000000 0.273725 0.725490 100.000000 100.000000 0.005033 0.050571 0.006430 0.010705 0.002187 0.065218 4.000000 3.000000 1.000000 8.000000 42420.202429 367.526686
961.000000 0.414695 0.590010 100.000000 100.000000 0.004395 0.077684 0.003823 0.071504 0.006762 0.031351 4.000000 1.000000 4.000000 9.000000 40372.037475 342.564097
63.000000 0.725425 0.301587 100.000000 100.000000 0.000747 0.022388 0.009902 0.085633 0.009899 0.016003 1.000000 4.000000 4.000000 9.000000 40689.821629 342.827707
452.000000 0.207782 0.814159 100.000000 100.000000 0.009383 0.019914 0.009988 0.038351 0.008061 0.082740 6.000000 5.000000 5.000000 16.000000 41768.787690 340.073198
461.000000 0.580772 0.420824 100.000000 100.000000 0.009241 0.005258 0.005151 0.046147 0.009377 0.071196 4.000000 4.000000 5.000000 13.000000 43477.360462 353.901496
169.000000 0.580748 0.426036 100.000000 100.000000 0.009817 0.063038 0.008659 0.050231 0.000985 0.095966 2.000000 5.000000 4.000000 11.000000 43170.799564 356.340544
923.000000 0.243989 0.771398 100.000000 100.000000 0.009946 0.071867 0.009180 0.078087 0.000823 0.042934 8.000000 6.000000 2.000000 16.000000 40830.851303 349.139767
832.000000 0.104562 0.867788 100.000000 100.000000 0.003818 0.037835 0.009559 0.056546 0.000656 0.026659 3.000000 4.000000 1.000000 8.000000 40424.780636 341.342754
609.000000 0.270963 0.743842 100.000000 100.000000 0.001025 0.008558 0.008337 0.076190 0.005227 0.081213 1.000000 4.000000 3.000000 8.000000 38794.650170 333.909854
124.000000 0.115486 0.903226 100.000000 100.000000 0.007953 0.097643 0.002895 0.062980 0.005054 0.017172 3.000000 4.000000 1.000000 8.000000 38348.553777 335.616746
629.000000 0.695688 0.306836 100.000000 100.000000 0.005660 0.043685 0.002752 0.054015 0.008535 0.092719 6.000000 1.000000 4.000000 11.000000 41419.137408 336.988590
335.000000 0.393742 0.573134 100.000000 100.000000 0.004635 0.062852 0.000223 0.007892 0.008360 0.069764 6.000000 1.000000 2.000000 9.000000 37720.037354 343.979925
796.000000 0.094409 0.920854 100.000000 100.000000 0.006199 0.073568 0.000259 0.069741 0.003411 0.011075 4.000000 1.000000 1.000000 6.000000 39315.084474 352.046456
169.000000 0.744984 0.236686 100.000000 100.000000 0.008691 0.094604 0.001359 0.035530 0.005626 0.047473 4.000000 2.000000 2.000000 8.000000 39855.804531 353.424788
237.000000 0.418701 0.573840 100.000000 100.000000 0.008700 0.011849 0.008630 0.095193 0.004666 0.024735 7.000000 6.000000 1.000000 14.000000 40685.946400 355.078487
359.000000 0.023688 0.983287 100.000000 100.000000 0.009628 0.013205 0.005073 0.054070 0.004228 0.060283 5.000000 3.000000 2.000000 10.000000 40380.962903 357.368739
682.000000 0.123350 0.876833 100.000000 100.000000 0.005245 0.014510 0.007081 0.085814 0.009028 0.083200 3.000000 4.000000 5.000000 12.000000 40575.433220 347.900196
641.000000 0.568604 0.429017 100.000000 100.000000 0.004808 0.053298 0.005101 0.049540 0.004035 0.071304 3.000000 3.000000 3.000000 9.000000 41754.891841 360.547552
682.000000 0.664409 0.318182 100.000000 100.000000 0.007438 0.071901 0.007731 0.082139 0.002764 0.021577 5.000000 9.000000 2.000000 16.000000 39733.648560 343.532277
