815.000000 0.905792 0.098160 100.000000 100.000000 0.009142 0.112699 0.001066 0.163236 0.005514 0.127850 5.000000 2.000000 5.000000 12.000000 29711.346266 391.148302
6.000000 0.905785 0.166667 100.000000 100.000000 0.006249 0.195550 0.004445 0.194166 0.007587 0.122154 4.000000 2.000000 2.000000 8.000000 29502.965088 390.665004
337.000000 0.380990 0.637982 100.000000 100.000000 0.003487 0.186208 0.009296 0.154251 0.004589 0.140594 5.000000 4.000000 3.000000 12.000000 32964.343148 394.297211
379.000000 0.164314 0.812665 100.000000 100.000000 0.004221 0.104986 0.009180 0.105857 0.007807 0.184874 4.000000 5.000000 3.000000 12.000000 32796.164582 388.942071
371.000000 0.559150 0.415094 100.000000 100.000000 0.002967 0.155447 0.008407 0.180307 0.001876 0.105644 2.000000 5.000000 2.000000 9.000000 32045.660496 396.545925
912.000000 0.042270 0.955044 100.000000 100.000000 0.000318 0.171305 0.007502 0.133089 0.003164 0.147351 1.000000 5.000000 4.000000 10.000000 39925.233585 359.997058
728.000000 0.923392 0.060440 100.000000 100.000000 0.005995 0.196919 0.002118 0.143435 0.000364 0.155810 5.000000 1.000000 1.000000 7.000000 32867.495728 391.906385
676.000000 0.576156 0.421598 100.000000 100.000000 0.007601 0.107402 0.006434 0.132619 0.003045 0.115295 6.000000 1.000000 3.000000 10.000000 38433.896326 352.906554
147.000000 0.196423 0.795918 100.000000 100.000000 0.006810 0.199425 0.008872 0.111084 0.000249 0.129002 6.000000 5.000000 1.000000 12.000000 37893.243631 354.454575
592.000000 0.840242 0.167230 100.000000 100.000000 0.008618 0.103127 0.004050 0.114157 0.005629 0.111497 9.000000 4.000000 3.000000 16.000000 38818.491385 335.578664
804.000000 0.414353 0.621891 100.000000 100.000000 0.006451 0.121156 0.009808 0.118509 0.008000 0.108562 6.000000 6.000000 5.000000 17.000000 37890.620088 354.305143
716.000000 0.591525 0.437151 100.000000 100.000000 0.006252 0.124147 0.001178 0.105598 0.007242 0.115209 5.000000 1.000000 5.000000 11.000000 38026.400813 348.044689
837.000000 0.933461 0.058542 100.000000 100.000000 0.007164 0.142597 0.001450 0.178283 0.006100 0.181543 7.000000 2.000000 6.000000 15.000000 47453.310057 313.848501
864.000000 0.441586 0.571759 100.000000 100.000000 0.009055 0.168389 0.003242 0.128173 0.004139 0.182564 3.000000 4.000000 1.000000 8.000000 39736.127395 360.430344
959.000000 0.948537 0.052138 100.000000 100.000000 0.003921 0.106571 0.005086 0.135351 0.000437 0.131434 4.000000 3.000000 2.000000 9.000000 41731.836832 304.169833
727.000000 0.458143 0.540578 100.000000 100.000000 0.007050 0.100433 0.008794 0.139382 0.007976 0.102408 5.000000 9.000000 3.000000 17.000000 33759.762044 344.926903
523.000000 0.556560 0.428298 100.000000 100.000000 0.002369 0.110687 0.004088 0.181373 0.001933 0.116084 6.000000 2.000000 3.000000 11.000000 34651.442566 351.882790
292.000000 0.678443 0.352740 100.000000 100.000000 0.007367 0.159688 0.003002 0.163642 0.004571 0.184884 4.000000 3.000000 4.000000 11.000000 34955.484070 344.029255
342.000000 0.770416 0.269006 100.000000 100.000000 0.006536 0.137589 0.002744 0.193308 0.005621 0.136256 3.000000 3.000000 4.000000 10.000000 35814.585683 337.612055
425.000000 0.663637 0.324706 100.000000 100.000000 0.000921 0.175112 0.003895 0.162131 0.005510 0.146109 2.000000 1.000000 3.000000 6.000000 32736.260326 340.792781
743.000000 0.797216 0.236878 100.000000 100.000000 0.006672 0.181030 0.009880 0.170726 0.009801 0.180002 4.000000 5.000000 3.000000 12.000000 34539.070511 338.617125
618.000000 0.278030 0.716828 100.000000 100.000000 0.002275 0.185519 0.002295 0.183312 0.003555 0.198062 2.000000 2.000000 3.000000 7.000000 35486.267425 336.373369
315.000000 0.062035 0.930159 100.000000 100.000000 0.009099 0.161712 0.003952 0.132560 0.008328 0.148782 6.000000 2.000000 5.000000 13.000000 36467.609271 344.033692
542.000000 0.925718 0.092251 100.000000 100.000000 0.008665 0.154994 0.006266 0.185986 0.005569 0.106025 5.000000 2.000000 1.000000 8.000000 34878.173098 323.748844
443.000000 0.540087 0.446953 100.000000 100.000000 0.000694 0.123764 0.008173 0.111292 0.005123 0.182998 1.000000 6.000000 4.000000 11.000000 35585.737444 336.002979
225.000000 0.710021 0.275556 100.000000 100.000000 0.008426 0.133134 0.008880 0.184815 0.003908 0.196623 9.000000 7.000000 2.000000 18.000000 35042.124060 331.627260
596.000000 0.398047 0.610738 100.000000 100.000000 0.001877 0.197925 0.005987 0.180470 0.009728 0.102653 3.000000 4.000000 4.000000 11.000000 34975.876267 347.622932
434.000000 0.331332 0.658986 100.000000 100.000000 0.009611 0.170453 0.005709 0.188568 0.008448 0.145676 9.000000 5.000000 9.000000 23.000000 33835.845704 346.987213
530.000000 0.758098 0.233962 100.000000 100.000000 0.000684 0.135140 0.007166 0.171945 0.008447 0.116427 1.000000 5.000000 2.000000 8.000000 31726.055197 330.441887
848.000000 0.570421 0.444575 100.000000 100.000000 0.001455 0.106147 0.007338 0.142391 0.003516 0.185264 2.000000 5.000000 4.000000 11.000000 37687.551188 345.482143
80.000000 0.978697 0.025000 100.000000 100.000000 0.003839 0.196343 0.002330 0.145786 0.008506 0.138781 1.000000 2.000000 7.000000 10.000000 41339.947421 368.338371
281.000000 0.637608 0.370107 100.000000 100.000000 0.007302 0.128177 0.000595 0.104540 0.008484 0.177038 7.000000 1.000000 8.000000 16.000000 36344.432038 349.365571
873.000000 0.528839 0.465063 100.000000 100.000000 0.004197 0.119768 0.007488 0.159337 0.008667 0.177723 5.000000 1.000000 6.000000 12.000000 34652.339242 345.608033
457.000000 0.375552 0.643326 100.000000 100.000000 0.008882 0.189932 0.004616 0.176560 0.006917 0.192103 10.000000 4.000000 5.000000 19.000000 33711.454118 336.799666
257.000000 0.925544 0.089494 100.000000 100.000000 0.007822 0.162383 0.004345 0.165321 0.005345 0.111106 8.000000 3.000000 4.000000 15.000000 38604.131065 345.402606
302.000000 0.849747 0.139073 100.000000 100.000000 0.007491 0.169458 0.009459 0.156155 0.007540 0.152941 5.000000 8.000000 3.000000 16.000000 34289.260615 347.838650
514.000000 0.008434 0.986381 100.000000 100.000000 0.008826 0.174831 0.009480 0.177723 0.009870 0.161290 7.000000 5.000000 4.000000 16.000000 34508.071458 345.920700
3.000000 0.096226 1.000000 100.000000 100.000000 0.002846 0.126622 0.002495 0.162797 0.002892 0.124426 3.000000 1.000000 1.000000 5.000000 34508.392774 346.804672
621.000000 0.531601 0.476651 100.000000 100.000000 0.008204 0.162205 0.005581 0.193191 0.005627 0.161567 5.000000 3.000000 3.000000 11.000000 34177.180700 347.318222
630.000000 0.363533 0.606349 100.000000 100.000000 0.005868 0.189430 0.009995 0.104778 0.003307 0.112152 3.000000 5.000000 3.000000 11.000000 33289.489715 340.195226
706.000000 0.917532 0.080737 100.000000 100.000000 0.009112 0.195382 0.004630 0.117466 0.009538 0.124472 7.000000 6.000000 5.000000 18.000000 29202.334091 389.369555
947.000000 0.873934 0.114044 100.000000 100.000000 0.005039 0.121435 0.004130 0.124510 0.006592 0.132782 3.000000 4.000000 3.000000 10.000000 38144.689442 391.335748
942.000000 0.165105 0.819533 100.000000 100.000000 0.003346 0.192636 0.008852 0.189391 0.004102 0.185491 5.000000 4.000000 4.000000 13.000000 39266.418025 346.905607
422.000000 0.163712 0.843602 100.000000 100.000000 0.001630 0.150599 0.006609 0.174526 0.001426 0.156079 3.000000 4.000000 3.000000 10.000000 37558.796793 357.085192
46.000000 0.095330 0.782609 100.000000 100.000000 0.004235 0.120780 0.009523 0.114053 0.002398 0.104791 1.000000 5.000000 2.000000 8.000000 37961.712380 357.302730
718.000000 0.461975 0.543175 100.000000 100.000000 0.000612 0.141322 0.001781 0.142644 0.005655 0.100807 3.000000 1.000000 4.000000 8.000000 35835.460323 356.855089
938.000000 0.959885 0.046908 100.000000 100.000000 0.002988 0.178267 0.008317 0.120348 0.001641 0.106689 4.000000 6.000000 3.000000 13.000000 37516.142728 380.805911
631.000000 0.692005 0.299525 100.000000 100.000000 0.003616 0.153200 0.005294 0.175079 0.002689 0.114186 3.000000 3.000000 1.000000 7.000000 46191.319637 403.434071
612.000000 0.442416 0.552288 100.000000 100.000000 0.002567 0.168378 0.000423 0.193253 0.009928 0.169019 5.000000 1.000000 6.000000 12.000000 43589.475025 381.280572
729.000000 0.125987 0.890261 100.000000 100.000000 0.007258 0.146747 0.006137 0.190609 0.002748 0.121915 1.000000 3.000000 2.000000 6.000000 43584.049685 366.976388
480.000000 0.584007 0.418750 100.000000 100.000000 0.007029 0.141296 0.006123 0.149703 0.000126 0.189546 5.000000 3.000000 1.000000 9.000000 43854.696261 377.381325
523.000000 0.299306 0.734226 100.000000 100.000000 0.004296 0.144085 0.003344 0.193023 0.003914 0.174120 2.000000 1.000000 3.000000 6.000000 43411.051291 373.177352
534.000000 0.056336 0.943820 100.000000 100.000000 0.000241 0.184227 0.005845 0.144187 0.004284 0.186175 1.000000 6.000000 3.000000 10.000000 42558.542600 362.144556
879.000000 0.942963 0.058020 100.000000 100.000000 0.006957 0.138423 0.006016 0.175895 0.009534 0.113786 4.000000 6.000000 3.000000 13.000000 36073.837565 306.904093
764.000000 0.714650 0.282723 100.000000 100.000000 0.007930 0.112166 0.002194 0.103779 0.007233 0.144676 6.000000 3.000000 3.000000 12.000000 38960.534570 359.325370
562.000000 0.891503 0.104982 100.000000 100.000000 0.005593 0.148447 0.001330 0.159875 0.002613 0.155401 4.000000 2.000000 3.000000 9.000000 31869.733508 368.483722
947.000000 0.414993 0.561774 100.000000 100.000000 0.007232 0.179406 0.004780 0.120798 0.000327 0.170536 6.000000 6.000000 1.000000 13.000000 40725.742384 349.303137
230.000000 0.418850 0.586957 100.000000 100.000000 0.000219 0.161933 0.004159 0.119935 0.006398 0.143914 1.000000 4.000000 5.000000 10.000000 40409.694585 353.485046
954.000000 0.414844 0.585954 100.000000 100.000000 0.005814 0.128432 0.009252 0.196007 0.008495 0.150597 6.000000 4.000000 4.000000 14.000000 38991.071614 356.469910
806.000000 0.101476 0.889578 100.000000 100.000000 0.007449 0.151185 0.004116 0.176798 0.001739 0.127216 4.000000 3.000000 3.000000 10.000000 41836.996709 353.896958
46.000000 0.013212 0.956522 100.000000 100.000000 0.009748 0.104837 0.008223 0.121478 0.005027 0.129282 4.000000 4.000000 4.000000 12.000000 41943.394256 353.146574
710.000000 0.122752 0.900000 100.000000 100.000000 0.009470 0.109752 0.005166 0.186509 0.002099 0.103274 4.000000 2.000000 3.000000 9.000000 39689.851693 355.866576
658.000000 0.739758 0.275076 100.000000 100.000000 0.003513 0.111622 0.006130 0.116753 0.005271 0.119132 2.000000 4.000000 3.000000 9.000000 42807.285125 360.357927
674.000000 0.948363 0.037092 100.000000 100.000000 0.003078 0.113960 0.003166 0.114686 0.000213 0.136515 1.000000 1.000000 1.000000 3.000000 32530.169313 322.805362
37.000000 0.722339 0.297297 100.000000 100.000000 0.004378 0.135583 0.004459 0.106179 0.001082 0.116452 2.000000 2.000000 1.000000 5.000000 32618.183380 317.820286
684.000000 0.873312 0.149123 100.000000 100.000000 0.009840 0.175903 0.005723 0.129473 0.001170 0.178046 5.000000 3.000000 1.000000 9.000000 43580.410626 353.379393
92.000000 0.228436 0.869565 100.000000 100.000000 0.006306 0.132139 0.002730 0.152402 0.002999 0.103887 4.000000 2.000000 4.000000 10.000000 43559.941139 347.063291
103.000000 0.269271 0.766990 100.000000 100.000000 0.006372 0.163650 0.005137 0.111504 0.008986 0.111733 5.000000 3.000000 9.000000 17.000000 43825.481344 347.205771
980.000000 0.630516 0.344898 100.000000 100.000000 0.006628 0.108655 0.000245 0.101303 0.001765 0.185019 7.000000 3.000000 2.000000 12.000000 38123.168610 345.663153
993.000000 0.126609 0.855992 100.000000 100.000000 0.002457 0.192278 0.004544 0.185646 0.008169 0.176651 1.000000 2.000000 5.000000 8.000000 42125.766513 364.903436
948.000000 0.038171 0.952532 100.000000 100.000000 0.003913 0.153319 0.006730 0.109661 0.001333 0.183799 3.000000 2.000000 1.000000 6.000000 36440.440339 355.089248
874.000000 0.573506 0.405034 100.000000 100.000000 0.007724 0.192169 0.002881 0.121701 0.002432 0.183966 3.000000 1.000000 1.000000 5.000000 39360.931360 351.113837
933.000000 0.415292 0.562701 100.000000 100.000000 0.000169 0.181353 0.005738 0.170379 0.003792 0.110415 1.000000 3.000000 1.000000 5.000000 39146.030101 354.344490
899.000000 0.696161 0.291435 100.000000 100.000000 0.009340 0.137674 0.005630 0.123797 0.002325 0.127442 4.000000 5.000000 1.000000 10.000000 37537.934282 393.795251
432.000000 0.040311 0.965278 100.000000 100.000000 0.002822 0.150225 0.006416 0.148478 0.002771 0.112907 5.000000 3.000000 1.000000 9.000000 41183.453002 369.018144
684.000000 0.660726 0.307018 100.000000 100.000000 0.005395 0.181701 0.000373 0.103487 0.006817 0.142326 8.000000 1.000000 1.000000 10.000000 43746.218624 358.799188
734.000000 0.752698 0.261580 100.000000 100.000000 0.004563 0.159603 0.000116 0.133153 0.007868 0.193698 3.000000 1.000000 6.000000 10.000000 45058.571015 324.572021
187.000000 0.867788 0.144385 100.000000 100.000000 0.001825 0.191029 0.009537 0.161766 0.007251 0.110357 3.000000 7.000000 9.000000 19.000000 43647.468200 334.228297
350.000000 0.109638 0.900000 100.000000 100.000000 0.007577 0.169160 0.009259 0.149443 0.009178 0.133789 5.000000 4.000000 3.000000 12.000000 43842.521285 345.895708
172.000000 0.539614 0.534884 100.000000 100.000000 0.006914 0.129206 0.005295 0.141046 0.001433 0.148201 3.000000 3.000000 1.000000 7.000000 44369.826788 346.483433
11.000000 0.719254 0.000000 100.000000 100.000000 0.008009 0.149561 0.008916 0.126869 0.002166 0.117750 3.000000 5.000000 1.000000 9.000000 44753.442769 349.890678
722.000000 0.126137 0.843490 100.000000 100.000000 0.008677 0.197720 0.001666 0.115399 0.004480 0.141854 9.000000 1.000000 2.000000 12.000000 41018.179665 373.326198
689.000000 0.664259 0.328012 100.000000 100.000000 0.006020 0.120644 0.002302 0.157168 0.001031 0.100845 5.000000 3.000000 1.000000 9.000000 42727.887415 362.660847
928.000000 0.411758 0.588362 100.000000 100.000000 0.009445 0.142411 0.003809 0.116698 0.009578 0.151895 8.000000 2.000000 7.000000 17.000000 43667.237044 355.402558
835.000000 0.440251 0.559281 100.000000 100.000000 0.004234 0.129835 0.004245 0.158561 0.009998 0.164931 4.000000 3.000000 4.000000 11.000000 44062.626657 344.331188
667.000000 0.325335 0.667166 100.000000 100.000000 0.007816 0.191020 0.006644 0.150614 0.000940 0.143191 5.000000 5.000000 1.000000 11.000000 39765.079954 364.400299
639.000000 0.572287 0.422535 100.000000 100.000000 0.006851 0.142742 0.002559 0.127502 0.009881 0.149473 2.000000 3.000000 4.000000 9.000000 40193.098859 361.707701
183.000000 0.662567 0.311475 100.000000 100.000000 0.001467 0.176659 0.009002 0.192723 0.004790 0.131555 1.000000 11.000000 3.000000 15.000000 38477.277154 364.775993
966.000000 0.877169 0.134576 100.000000 100.000000 0.002826 0.158430 0.005102 0.128610 0.007241 0.151423 2.000000 3.000000 7.000000 12.000000 38468.745005 374.190855
902.000000 0.151419 0.842572 100.000000 100.000000 0.005103 0.189787 0.007523 0.149038 0.002743 0.111229 4.000000 3.000000 2.000000 9.000000 37387.250692 358.702906
748.000000 0.211340 0.800802 100.000000 100.000000 0.009433 0.199684 0.008409 0.187284 0.000767 0.116065 8.000000 2.000000 1.000000 11.000000 39914.671045 362.912234
346.000000 0.150772 0.881503 100.000000 100.000000 0.000580 0.102618 0.002723 0.158126 0.008729 0.181513 1.000000 3.000000 7.000000 11.000000 38895.974519 356.621328
562.000000 0.727266 0.302491 100.000000 100.000000 0.006718 0.116563 0.008631 0.174724 0.007872 0.104384 3.000000 5.000000 5.000000 13.000000 37001.996068 366.264801
649.000000 0.743590 0.240370 100.000000 100.000000 0.006975 0.152512 0.009016 0.120015 0.002950 0.117530 3.000000 9.000000 2.000000 14.000000 39813.149819 343.719116
48.000000 0.845292 0.104167 100.000000 100.000000 0.008831 0.183036 0.008166 0.157856 0.004440 0.199806 4.000000 4.000000 3.000000 11.000000 40059.434472 336.579776
691.000000 0.873163 0.107091 100.000000 100.000000 0.008421 0.124929 0.000295 0.104683 0.009338 0.158106 3.000000 1.000000 3.000000 7.000000 40162.838682 344.253192
777.000000 0.385879 0.629344 100.000000 100.000000 0.007344 0.146449 0.005937 0.183897 0.004386 0.102763 3.000000 3.000000 3.000000 9.000000 40173.829480 356.852433
605.000000 0.771038 0.201653 100.000000 100.000000 0.001735 0.183121 0.001151 0.188345 0.001143 0.190992 3.000000 1.000000 2.000000 6.000000 39462.244879 377.784039
606.000000 0.651469 0.379538 100.000000 100.000000 0.006388 0.123637 0.003845 0.165558 0.000167 0.146219 5.000000 2.000000 1.000000 8.000000 37861.303622 347.978479
281.000000 0.637608 0.370107 100.000000 100.000000 0.007302 0.128177 0.000595 0.104540 0.008484 0.177038 7.000000 1.000000 8.000000 16.000000 38692.625900 344.695299
392.000000 0.190861 0.808673 100.000000 100.000000 0.003453 0.179261 0.007687 0.193275 0.006054 0.189663 1.000000 3.000000 5.000000 9.000000 38180.971073 355.428051
837.000000 0.977627 0.020311 100.000000 100.000000 0.004385 0.197890 0.007437 0.176377 0.007787 0.124227 2.000000 4.000000 5.000000 11.000000 32954.142473 418.385235
874.000000 0.775193 0.219680 100.000000 100.000000 0.007458 0.167595 0.001487 0.137063 0.000779 0.104249 3.000000 1.000000 1.000000 5.000000 36722.514266 370.512579
741.000000 0.211490 0.804318 100.000000 100.000000 0.000951 0.150658 0.003937 0.112075 0.002500 0.136004 1.000000 2.000000 2.000000 5.000000 41987.432804 366.347995
847.000000 0.689990 0.315230 100.000000 100.000000 0.006702 0.165631 0.004645 0.165178 0.004491 0.130038 5.000000 6.000000 4.000000 15.000000 36057.132915 356.943516
588.000000 0.976706 0.027211 100.000000 100.000000 0.006349 0.150411 0.008073 0.131759 0.008801 0.129612 3.000000 5.000000 6.000000 14.000000 30431.967948 347.698220
159.000000 0.491562 0.477987 100.000000 100.000000 0.004180 0.168837 0.003502 0.149791 0.005286 0.103377 6.000000 3.000000 3.000000 12.000000 30396.096670 315.500095
908.000000 0.987033 0.018722 100.000000 100.000000 0.004810 0.106929 0.009394 0.139096 0.006270 0.140273 3.000000 8.000000 5.000000 16.000000 30700.737162 397.560972
598.000000 0.524833 0.481605 100.000000 100.000000 0.009792 0.186268 0.002680 0.135409 0.000864 0.184406 4.000000 2.000000 1.000000 7.000000 36433.623021 367.208190
454.000000 0.827276 0.147577 100.000000 100.000000 0.004021 0.103102 0.004580 0.148120 0.003221 0.117370 1.000000 4.000000 2.000000 7.000000 30880.347700 357.433896
954.000000 0.873785 0.116352 100.000000 100.000000 0.003620 0.170461 0.008602 0.199720 0.004860 0.112843 2.000000 4.000000 6.000000 12.000000 36971.055148 341.558028
578.000000 0.641167 0.380623 100.000000 100.000000 0.007351 0.108757 0.008916 0.154096 0.001190 0.110538 5.000000 4.000000 1.000000 10.000000 34946.746554 380.822595
362.000000 0.277259 0.732044 100.000000 100.000000 0.005657 0.189014 0.008359 0.163484 0.006301 0.123387 1.000000 5.000000 4.000000 10.000000 35805.401284 379.394482
128.000000 0.026002 0.953125 100.000000 100.000000 0.009380 0.101844 0.006680 0.113088 0.005891 0.183909 7.000000 8.000000 5.000000 20.000000 35939.039848 376.566530
524.000000 0.720796 0.297710 100.000000 100.000000 0.001243 0.142572 0.006688 0.166524 0.006574 0.167101 1.000000 4.000000 3.000000 8.000000 37832.477374 344.079392
378.000000 0.814336 0.214286 100.000000 100.000000 0.002971 0.155122 0.000694 0.131719 0.000625 0.142804 1.000000 1.000000 2.000000 4.000000 40988.433966 332.331653
383.000000 0.358929 0.650131 100.000000 100.000000 0.005789 0.152035 0.003273 0.181688 0.008374 0.139078 4.000000 1.000000 6.000000 11.000000 43086.254643 324.363383
86.000000 0.721294 0.255814 100.000000 100.000000 0.004348 0.178767 0.006058 0.132645 0.008755 0.176878 5.000000 3.000000 4.000000 12.000000 42685.677593 328.964990
914.000000 0.319039 0.680525 100.000000 100.000000 0.003183 0.109641 0.006622 0.163079 0.009766 0.100827 2.000000 1.000000 8.000000 11.000000 38015.580047 358.518359
412.000000 0.074527 0.934466 100.000000 100.000000 0.005894 0.156771 0.001452 0.174589 0.005727 0.163530 1.000000 1.000000 3.000000 5.000000 40088.208659 362.212052
853.000000 0.939878 0.071512 100.000000 100.000000 0.000688 0.152401 0.000573 0.196585 0.000717 0.115083 1.000000 2.000000 1.000000 4.000000 33062.261751 375.849365
729.000000 0.584928 0.432099 100.000000 100.000000 0.005064 0.188776 0.005487 0.194321 0.009012 0.184161 10.000000 3.000000 2.000000 15.000000 38205.860351 358.055505
478.000000 0.009181 0.991632 100.000000 100.000000 0.006019 0.129700 0.006924 0.101676 0.008632 0.160986 6.000000 4.000000 7.000000 17.000000 40530.943418 360.776022
138.000000 0.197306 0.884058 100.000000 100.000000 0.009503 0.111614 0.003238 0.105601 0.008860 0.151966 7.000000 2.000000 5.000000 14.000000 40497.326680 361.217075
529.000000 0.970684 0.024575 100.000000 100.000000 0.005129 0.129342 0.002616 0.197931 0.002800 0.152147 4.000000 6.000000 4.000000 14.000000 26018.461393 363.002117
854.000000 0.607722 0.378220 100.000000 100.000000 0.000896 0.198715 0.007816 0.147812 0.005388 0.134590 1.000000 6.000000 8.000000 15.000000 43776.161779 324.229341
82.000000 0.810778 0.182927 100.000000 100.000000 0.002921 0.174542 0.002273 0.182164 0.007919 0.109304 2.000000 2.000000 6.000000 10.000000 44702.911098 337.258885
167.000000 0.536080 0.497006 100.000000 100.000000 0.006289 0.190264 0.003366 0.187364 0.007219 0.189681 5.000000 1.000000 3.000000 9.000000 41281.965626 342.040016
932.000000 0.911684 0.096567 100.000000 100.000000 0.008735 0.166924 0.001095 0.104302 0.003762 0.141925 7.000000 1.000000 4.000000 12.000000 39075.234185 342.849007
787.000000 0.098241 0.891995 100.000000 100.000000 0.009661 0.114190 0.003145 0.172698 0.001090 0.108574 8.000000 3.000000 1.000000 12.000000 40660.294669 363.628719
526.000000 0.093936 0.901141 100.000000 100.000000 0.002519 0.178742 0.007280 0.199189 0.009622 0.175379 7.000000 3.000000 3.000000 13.000000 39759.917757 364.952903
610.000000 0.233512 0.740984 100.000000 100.000000 0.000166 0.164092 0.002430 0.145738 0.001622 0.111758 1.000000 2.000000 3.000000 6.000000 40886.852250 371.150882
437.000000 0.950827 0.048055 100.000000 100.000000 0.004248 0.154450 0.000301 0.198959 0.003608 0.180480 5.000000 2.000000 3.000000 10.000000 33910.082500 367.785014
439.000000 0.040161 0.974943 100.000000 100.000000 0.001403 0.199251 0.000988 0.123687 0.001039 0.192968 1.000000 1.000000 1.000000 3.000000 40010.850071 367.645950
727.000000 0.211788 0.784044 100.000000 100.000000 0.003788 0.152605 0.004895 0.161656 0.005965 0.175883 2.000000 4.000000 4.000000 10.000000 40180.542569 366.801312
72.000000 0.180534 0.833333 100.000000 100.000000 0.004991 0.122743 0.006365 0.185938 0.008585 0.179002 2.000000 8.000000 5.000000 15.000000 40471.810522 365.604362
970.000000 0.377095 0.622680 100.000000 100.000000 0.002117 0.182943 0.002387 0.116215 0.001425 0.141454 3.000000 2.000000 1.000000 6.000000 39394.099205 346.803106
863.000000 0.111181 0.896871 100.000000 100.000000 0.000811 0.162171 0.007031 0.189098 0.003686 0.183140 4.000000 8.000000 1.000000 13.000000 40455.533628 349.494469
940.000000 0.415143 0.601064 100.000000 100.000000 0.008651 0.130379 0.000309 0.145588 0.002060 0.190475 2.000000 2.000000 3.000000 7.000000 37855.619929 365.024546
829.000000 0.309932 0.685163 100.000000 100.000000 0.005595 0.102550 0.005623 0.149941 0.004848 0.124659 3.000000 3.000000 3.000000 9.000000 38186.900739 355.942646
219.000000 0.919074 0.073059 100.000000 100.000000 0.002346 0.188393 0.002402 0.157120 0.004047 0.173823 1.000000 1.000000 6.000000 8.000000 40244.185977 369.688749
258.000000 0.712958 0.294574 100.000000 100.000000 0.003376 0.168182 0.008894 0.139334 0.001092 0.175386 3.000000 6.000000 1.000000 10.000000 36895.333121 354.880859
911.000000 0.617427 0.363337 100.000000 100.000000 0.004159 0.109701 0.000830 0.160112 0.007336 0.190514 3.000000 2.000000 4.000000 9.000000 40894.437799 373.110393
524.000000 0.885033 0.122137 100.000000 100.000000 0.000117 0.174457 0.009287 0.151674 0.001315 0.118118 1.000000 5.000000 1.000000 7.000000 34858.335287 351.188766
664.000000 0.907528 0.111446 100.000000 100.000000 0.003012 0.182450 0.000759 0.155584 0.004126 0.128669 2.000000 2.000000 2.000000 6.000000 38985.859647 317.392552
460.000000 0.711241 0.315217 100.000000 100.000000 0.009299 0.182560 0.009202 0.179014 0.006359 0.131116 7.000000 6.000000 4.000000 17.000000 37724.015003 342.407284
482.000000 0.296519 0.686722 100.000000 100.000000 0.000864 0.160011 0.008759 0.163294 0.008463 0.115296 1.000000 8.000000 6.000000 15.000000 38043.493541 344.942579
503.000000 0.131835 0.850895 100.000000 100.000000 0.007634 0.175205 0.009673 0.103772 0.008524 0.104462 4.000000 6.000000 6.000000 16.000000 37668.025192 335.374850
409.000000 0.115660 0.882641 100.000000 100.000000 0.008796 0.190230 0.004816 0.183272 0.005279 0.111254 6.000000 4.000000 3.000000 13.000000 40218.147697 342.892967
486.000000 0.337504 0.644033 100.000000 100.000000 0.002349 0.142496 0.006695 0.147187 0.006282 0.143081 2.000000 6.000000 5.000000 13.000000 38844.089469 339.989091
12.000000 0.846039 0.333333 100.000000 100.000000 0.006023 0.137904 0.005609 0.181809 0.003202 0.199502 2.000000 5.000000 4.000000 11.000000 38810.265098 339.401190
927.000000 0.661796 0.340885 100.000000 100.000000 0.004849 0.180154 0.005166 0.172895 0.007536 0.156880 3.000000 2.000000 2.000000 7.000000 40411.146193 370.660956
712.000000 0.331656 0.691011 100.000000 100.000000 0.001972 0.114037 0.003159 0.134023 0.000505 0.160535 1.000000 4.000000 4.000000 9.000000 37408.439901 353.968345
583.000000 0.644700 0.344768 100.000000 100.000000 0.007976 0.147699 0.000945 0.107777 0.005304 0.169058 4.000000 1.000000 2.000000 7.000000 35273.453711 355.282727
653.000000 0.113047 0.862175 100.000000 100.000000 0.006208 0.198766 0.002251 0.174208 0.000151 0.147349 4.000000 1.000000 1.000000 6.000000 39898.400003 356.930850
883.000000 0.323320 0.653454 100.000000 100.000000 0.001001 0.103451 0.005995 0.140713 0.002742 0.159042 1.000000 4.000000 1.000000 6.000000 37373.705046 362.611851
693.000000 0.951598 0.051948 100.000000 100.000000 0.000865 0.150955 0.004137 0.118786 0.000862 0.155156 1.000000 2.000000 3.000000 6.000000 37592.390292 423.601739
959.000000 0.336260 0.677789 100.000000 100.000000 0.002051 0.151432 0.009881 0.157113 0.005338 0.133608 3.000000 10.000000 8.000000 21.000000 37507.125854 357.154769
69.000000 0.221667 0.782609 100.000000 100.000000 0.007894 0.156202 0.009730 0.194621 0.008136 0.126726 3.000000 6.000000 2.000000 11.000000 36650.154591 358.576142
51.000000 0.427336 0.509804 100.000000 100.000000 0.002608 0.123492 0.006751 0.138036 0.005894 0.165345 2.000000 4.000000 5.000000 11.000000 37427.822630 355.397091
255.000000 0.918328 0.105882 100.000000 100.000000 0.005154 0.133525 0.004958 0.133168 0.005285 0.174127 5.000000 5.000000 5.000000 15.000000 35223.207723 349.729927
75.000000 0.269868 0.733333 100.000000 100.000000 0.002146 0.167545 0.007052 0.110666 0.006016 0.191489 3.000000 6.000000 4.000000 13.000000 36801.557277 350.513954
424.000000 0.160029 0.825472 100.000000 100.000000 0.009487 0.160683 0.009152 0.196055 0.005479 0.177620 4.000000 6.000000 4.000000 14.000000 38936.289339 349.737561
397.000000 0.112276 0.901763 100.000000 100.000000 0.009590 0.102261 0.008316 0.154381 0.002897 0.172674 6.000000 10.000000 3.000000 19.000000 39357.612582 357.509786
77.000000 0.725126 0.298701 100.000000 100.000000 0.007810 0.119657 0.008944 0.135907 0.006434 0.175276 7.000000 4.000000 6.000000 17.000000 37796.608053 354.041462
729.000000 0.290223 0.705075 100.000000 100.000000 0.006132 0.178632 0.008737 0.175759 0.007389 0.172932 4.000000 4.000000 3.000000 11.000000 38101.333486 360.802116
197.000000 0.039091 0.964467 100.000000 100.000000 0.001949 0.100798 0.006095 0.154279 0.000320 0.178414 3.000000 2.000000 1.000000 6.000000 38005.435007 353.492905
757.000000 0.337976 0.661823 100.000000 100.000000 0.006029 0.137054 0.009573 0.117433 0.009971 0.177878 5.000000 3.000000 10.000000 18.000000 36197.072299 355.631555
758.000000 0.759467 0.253298 100.000000 100.000000 0.002976 0.135540 0.003016 0.190934 0.002731 0.170859 4.000000 4.000000 5.000000 13.000000 35972.536217 353.543637
379.000000 0.235827 0.741425 100.000000 100.000000 0.009817 0.153609 0.004037 0.105220 0.003284 0.135785 8.000000 3.000000 3.000000 14.000000 36233.456210 363.734609
485.000000 0.210718 0.775258 100.000000 100.000000 0.004334 0.154153 0.000102 0.192247 0.005246 0.161329 5.000000 1.000000 2.000000 8.000000 38422.017391 344.941876
594.000000 0.189144 0.826599 100.000000 100.000000 0.009375 0.193639 0.007995 0.132955 0.001421 0.145393 5.000000 5.000000 1.000000 11.000000 35002.863067 355.787167
449.000000 0.954211 0.037862 100.000000 100.000000 0.003454 0.142419 0.006701 0.127850 0.005989 0.119061 1.000000 3.000000 3.000000 7.000000 31254.442370 351.807693
705.000000 0.954982 0.036879 100.000000 100.000000 0.009971 0.138924 0.000637 0.147677 0.003244 0.193737 6.000000 1.000000 1.000000 8.000000 44602.642959 356.818990
195.000000 0.124892 0.882051 100.000000 100.000000 0.008379 0.106657 0.004852 0.125326 0.003537 0.132381 6.000000 5.000000 5.000000 16.000000 43290.013223 325.399184
269.000000 0.093165 0.907063 100.000000 100.000000 0.005902 0.182237 0.003445 0.179362 0.002468 0.100704 9.000000 2.000000 4.000000 15.000000 43766.669258 327.823881
432.000000 0.783057 0.185185 100.000000 100.000000 0.004749 0.183623 0.005673 0.160127 0.004753 0.170943 4.000000 5.000000 5.000000 14.000000 41486.178593 289.227053
90.000000 0.067883 0.944444 100.000000 100.000000 0.009475 0.190170 0.007488 0.145723 0.004205 0.131329 8.000000 5.000000 2.000000 15.000000 39463.985048 274.796415
374.000000 0.068057 0.946524 100.000000 100.000000 0.000418 0.182781 0.009409 0.166389 0.004429 0.126248 1.000000 7.000000 6.000000 14.000000 39949.198777 282.722124
115.000000 0.731596 0.252174 100.000000 100.000000 0.003385 0.193647 0.000987 0.144107 0.007732 0.112559 4.000000 1.000000 7.000000 12.000000 40038.440159 281.334640
996.000000 0.003357 0.994980 100.000000 100.000000 0.005067 0.142878 0.009780 0.184387 0.001347 0.153419 1.000000 6.000000 1.000000 8.000000 41199.445923 353.568451
850.000000 0.604189 0.410588 100.000000 100.000000 0.000271 0.159773 0.005887 0.194131 0.001275 0.176070 1.000000 5.000000 2.000000 8.000000 38876.663306 372.324590
445.000000 0.159581 0.862921 100.000000 100.000000 0.005231 0.107762 0.002766 0.121683 0.000282 0.117802 2.000000 2.000000 1.000000 5.000000 40255.743846 357.080454
713.000000 0.376323 0.607293 100.000000 100.000000 0.005500 0.186437 0.008452 0.196387 0.004171 0.166778 5.000000 7.000000 2.000000 14.000000 39558.949477 354.849062
947.000000 0.497112 0.510032 100.000000 100.000000 0.001719 0.195348 0.006080 0.113373 0.007598 0.146045 1.000000 3.000000 4.000000 8.000000 41065.587737 331.259620
265.000000 0.429003 0.596226 100.000000 100.000000 0.007737 0.125839 0.003559 0.106606 0.003643 0.159656 5.000000 3.000000 3.000000 11.000000 40304.245739 336.089743
823.000000 0.060044 0.946537 100.000000 100.000000 0.001709 0.115780 0.009695 0.118534 0.008623 0.139614 3.000000 6.000000 5.000000 14.000000 41149.343381 345.677206
518.000000 0.765613 0.241313 100.000000 100.000000 0.006189 0.165946 0.007509 0.153679 0.002072 0.193284 5.000000 3.000000 1.000000 9.000000 41622.384304 330.012652
353.000000 0.150623 0.852691 100.000000 100.000000 0.009061 0.151645 0.007195 0.133336 0.006997 0.161574 9.000000 3.000000 3.000000 15.000000 39689.036074 338.670968
898.000000 0.405139 0.559020 100.000000 100.000000 0.002551 0.117447 0.006337 0.183707 0.006548 0.194673 4.000000 8.000000 3.000000 15.000000 40356.683053 336.587907
143.000000 0.741898 0.244755 100.000000 100.000000 0.002422 0.108528 0.005816 0.155570 0.006709 0.148240 5.000000 7.000000 2.000000 14.000000 40677.532560 334.263655
716.000000 0.794130 0.189944 100.000000 100.000000 0.000403 0.195008 0.004438 0.191417 0.000984 0.181300 2.000000 3.000000 1.000000 6.000000 42681.723683 355.872623
440.000000 0.745457 0.256818 100.000000 100.000000 0.002471 0.189107 0.004237 0.105125 0.009315 0.181739 5.000000 3.000000 8.000000 16.000000 41831.036011 351.404536
474.000000 0.005647 0.993671 100.000000 100.000000 0.005394 0.190757 0.004995 0.147995 0.004518 0.102466 3.000000 1.000000 2.000000 6.000000 40573.729936 342.827335
758.000000 0.464762 0.534301 100.000000 100.000000 0.004043 0.125397 0.006266 0.172372 0.001107 0.159631 3.000000 6.000000 2.000000 11.000000 40102.477599 349.810784
121.000000 0.238738 0.842975 100.000000 100.000000 0.005343 0.147019 0.007559 0.163865 0.001976 0.139568 5.000000 6.000000 1.000000 12.000000 39983.661872 348.616318
376.000000 0.112724 0.890957 100.000000 100.000000 0.003946 0.155182 0.004802 0.128753 0.008095 0.132491 4.000000 4.000000 5.000000 13.000000 40689.970027 345.014889
120.000000 0.817248 0.225000 100.000000 100.000000 0.008397 0.148532 0.004216 0.190364 0.009217 0.146587 5.000000 3.000000 11.000000 19.000000 40306.286416 344.275851
915.000000 0.281589 0.695082 100.000000 100.000000 0.002324 0.166099 0.000716 0.132868 0.006161 0.131562 4.000000 2.000000 2.000000 8.000000 42487.378755 340.613651
255.000000 0.552404 0.450980 100.000000 100.000000 0.006545 0.126213 0.003752 0.132655 0.002297 0.102828 4.000000 3.000000 3.000000 10.000000 42408.116106 349.513830
348.000000 0.441794 0.514368 100.000000 100.000000 0.007369 0.122846 0.002016 0.198216 0.004507 0.114282 1.000000 3.000000 5.000000 9.000000 43844.374066 343.696812
415.000000 0.951275 0.055422 100.000000 100.000000 0.008504 0.107371 0.006687 0.173331 0.008805 0.140298 1.000000 5.000000 2.000000 8.000000 33071.559983 328.552411
596.000000 0.021224 0.991611 100.000000 100.000000 0.008458 0.171838 0.007937 0.169333 0.000834 0.115916 4.000000 5.000000 1.000000 10.000000 41662.279085 341.317206
703.000000 0.876547 0.108108 100.000000 100.000000 0.007628 0.112898 0.006695 0.133573 0.001819 0.196687 2.000000 5.000000 2.000000 9.000000 45887.493260 340.617783
710.000000 0.204870 0.801408 100.000000 100.000000 0.003958 0.125694 0.006466 0.179084 0.009369 0.178782 2.000000 3.000000 7.000000 12.000000 39928.352731 350.909929
928.000000 0.411758 0.588362 100.000000 100.000000 0.009445 0.142411 0.003809 0.116698 0.009578 0.151895 8.000000 2.000000 7.000000 17.000000 43605.376971 347.564170
405.000000 0.074676 0.906173 100.000000 100.000000 0.007312 0.107745 0.006880 0.199379 0.007460 0.183470 6.000000 5.000000 4.000000 15.000000 40623.314455 345.165948
422.000000 0.327948 0.680095 100.000000 100.000000 0.000504 0.182484 0.009209 0.159677 0.006067 0.107096 1.000000 5.000000 5.000000 11.000000 40812.028185 344.332066
578.000000 0.641167 0.380623 100.000000 100.000000 0.007351 0.108757 0.008916 0.154096 0.001190 0.110538 5.000000 4.000000 1.000000 10.000000 38574.335185 361.556536
90.000000 0.937414 0.033333 100.000000 100.000000 0.009418 0.111911 0.003437 0.112312 0.007222 0.171118 5.000000 2.000000 4.000000 11.000000 37789.108646 341.522378
958.000000 0.373710 0.652401 100.000000 100.000000 0.002911 0.194974 0.005887 0.187324 0.008943 0.102873 4.000000 3.000000 5.000000 12.000000 38994.162126 350.193125
628.000000 0.274198 0.746815 100.000000 100.000000 0.008713 0.144629 0.009308 0.180050 0.005876 0.199664 4.000000 6.000000 5.000000 15.000000 40086.860260 338.588057
146.000000 0.159706 0.780822 100.000000 100.000000 0.007225 0.117098 0.001802 0.150599 0.003523 0.162762 5.000000 1.000000 4.000000 10.000000 39379.160885 336.574877
727.000000 0.211788 0.784044 100.000000 100.000000 0.003788 0.152605 0.004895 0.161656 0.005965 0.175883 2.000000 4.000000 4.000000 10.000000 39310.013943 357.371133
235.000000 0.952544 0.055319 100.000000 100.000000 0.008226 0.140072 0.009894 0.159279 0.008241 0.124751 8.000000 5.000000 2.000000 15.000000 47140.804228 419.361825
931.000000 0.490194 0.520945 100.000000 100.000000 0.001889 0.168437 0.007651 0.130801 0.001102 0.148944 2.000000 4.000000 1.000000 7.000000 38410.931827 350.520826
532.000000 0.836533 0.184211 100.000000 100.000000 0.003028 0.161167 0.001108 0.186048 0.009871 0.113476 2.000000 1.000000 4.000000 7.000000 44612.314644 343.316162
610.000000 0.610335 0.378689 100.000000 100.000000 0.003485 0.190179 0.000481 0.156875 0.000616 0.198495 3.000000 1.000000 2.000000 6.000000 39696.649228 362.369295
235.000000 0.045561 0.953191 100.000000 100.000000 0.007424 0.174789 0.008037 0.162479 0.001618 0.115697 6.000000 5.000000 2.000000 13.000000 39561.587259 370.679131
77.000000 0.101949 0.961039 100.000000 100.000000 0.001229 0.145744 0.006994 0.147044 0.005428 0.162013 1.000000 5.000000 3.000000 9.000000 39875.864610 369.847609
287.000000 0.051733 0.947735 100.000000 100.000000 0.000162 0.146832 0.009023 0.121098 0.009351 0.113101 1.000000 3.000000 5.000000 9.000000 38969.193955 373.882949
873.000000 0.528839 0.465063 100.000000 100.000000 0.004197 0.119768 0.007488 0.159337 0.008667 0.177723 5.000000 1.000000 6.000000 12.000000 36951.779965 348.457074
591.000000 0.312395 0.676819 100.000000 100.000000 0.006765 0.143040 0.002759 0.134214 0.008243 0.168625 2.000000 6.000000 6.000000 14.000000 37754.969406 341.449288
520.000000 0.679812 0.350000 100.000000 100.000000 0.009659 0.160088 0.008752 0.182631 0.008755 0.139316 7.000000 3.000000 6.000000 16.000000 35581.111923 348.824929
494.000000 0.840963 0.143725 100.000000 100.000000 0.002264 0.105951 0.005909 0.188473 0.004579 0.191631 5.000000 6.000000 5.000000 16.000000 37815.773530 358.153069
343.000000 0.815083 0.183673 100.000000 100.000000 0.000163 0.109990 0.008038 0.155672 0.009287 0.142500 1.000000 6.000000 7.000000 14.000000 38492.797429 352.714600
458.000000 0.961278 0.039301 100.000000 100.000000 0.004704 0.120304 0.000659 0.135212 0.004317 0.136101 6.000000 1.000000 4.000000 11.000000 47862.940063 355.271430
223.000000 0.960059 0.035874 100.000000 100.000000 0.003831 0.170877 0.000337 0.141013 0.001866 0.101608 3.000000 1.000000 1.000000 5.000000 44502.380277 358.384428
598.000000 0.983774 0.025084 100.000000 100.000000 0.007598 0.128296 0.002031 0.139122 0.007128 0.146651 4.000000 2.000000 2.000000 8.000000 24361.934729 289.689759
247.000000 0.672123 0.303644 100.000000 100.000000 0.003311 0.136671 0.006487 0.180232 0.005005 0.167540 2.000000 3.000000 3.000000 8.000000 30584.384787 330.632932
193.000000 0.915989 0.067358 100.000000 100.000000 0.005977 0.102372 0.006859 0.177811 0.005130 0.175121 4.000000 4.000000 3.000000 11.000000 23806.543722 296.440057
353.000000 0.232741 0.776204 100.000000 100.000000 0.003548 0.167587 0.008495 0.125911 0.004368 0.137082 3.000000 5.000000 3.000000 11.000000 29637.487717 313.993966
350.000000 0.814934 0.177143 100.000000 100.000000 0.008645 0.159016 0.002609 0.130881 0.007554 0.122561 6.000000 3.000000 3.000000 12.000000 26460.133833 319.534585
116.000000 0.776263 0.172414 100.000000 100.000000 0.006912 0.166048 0.006280 0.106471 0.001498 0.118803 5.000000 4.000000 1.000000 10.000000 26794.481897 299.584566
140.000000 0.947268 0.042857 100.000000 100.000000 0.004199 0.173870 0.001880 0.149403 0.001002 0.146981 4.000000 1.000000 4.000000 9.000000 27829.562187 318.672469
283.000000 0.387571 0.572438 100.000000 100.000000 0.001997 0.190434 0.009137 0.148342 0.000626 0.172054 2.000000 3.000000 1.000000 6.000000 30700.669907 327.209851
394.000000 0.869605 0.126904 100.000000 100.000000 0.008372 0.144350 0.001874 0.155127 0.006732 0.124607 5.000000 2.000000 1.000000 8.000000 34640.429507 345.892669
607.000000 0.815705 0.187809 100.000000 100.000000 0.005262 0.155522 0.006445 0.150709 0.004808 0.197236 4.000000 6.000000 3.000000 13.000000 33311.022172 315.643468
132.000000 0.443809 0.545455 100.000000 100.000000 0.004283 0.110415 0.002666 0.108117 0.002704 0.198431 1.000000 3.000000 4.000000 8.000000 34982.747452 321.025248
410.000000 0.783505 0.209756 100.000000 100.000000 0.009005 0.136544 0.002159 0.134499 0.009950 0.130761 4.000000 1.000000 7.000000 12.000000 35400.040925 360.609897
708.000000 0.667494 0.276836 100.000000 100.000000 0.003807 0.157639 0.003273 0.161268 0.001680 0.119487 2.000000 1.000000 2.000000 5.000000 37363.769386 372.006363
183.000000 0.121508 0.868852 100.000000 100.000000 0.009173 0.118688 0.008352 0.196435 0.001155 0.193801 4.000000 2.000000 1.000000 7.000000 36320.894370 355.107892
520.000000 0.844048 0.126923 100.000000 100.000000 0.008533 0.191973 0.001452 0.167782 0.003496 0.190333 4.000000 1.000000 1.000000 6.000000 35613.210830 373.719817
429.000000 0.245681 0.736597 100.000000 100.000000 0.004599 0.115568 0.002480 0.142311 0.006964 0.111648 3.000000 2.000000 7.000000 12.000000 36596.326308 342.526894
715.000000 0.044168 0.945455 100.000000 100.000000 0.005708 0.132752 0.005795 0.147615 0.008842 0.186285 4.000000 5.000000 6.000000 15.000000 37333.078293 348.164448
478.000000 0.550240 0.466527 100.000000 100.000000 0.008212 0.187671 0.007574 0.197964 0.002367 0.198740 7.000000 7.000000 2.000000 16.000000 39603.285219 349.846627
180.000000 0.326878 0.650000 100.000000 100.000000 0.001050 0.184031 0.004416 0.190269 0.005348 0.192542 1.000000 4.000000 4.000000 9.000000 40264.690386 354.508861
691.000000 0.037399 0.969609 100.000000 100.000000 0.007296 0.156814 0.002894 0.189833 0.004079 0.109124 5.000000 2.000000 3.000000 10.000000 38188.522781 351.303239
370.000000 0.403895 0.572973 100.000000 100.000000 0.002253 0.126383 0.009523 0.193633 0.005604 0.185200 1.000000 6.000000 2.000000 9.000000 35627.733339 349.457397
113.000000 0.817397 0.185841 100.000000 100.000000 0.009815 0.199506 0.009645 0.115154 0.001049 0.166526 6.000000 6.000000 1.000000 13.000000 37316.359645 360.988356
560.000000 0.600481 0.401786 100.000000 100.000000 0.008704 0.128220 0.002037 0.119785 0.006836 0.122632 5.000000 3.000000 5.000000 13.000000 34254.291359 350.025107
118.000000 0.772581 0.186441 100.000000 100.000000 0.004869 0.176132 0.008823 0.128000 0.005551 0.140344 3.000000 5.000000 3.000000 11.000000 34004.274220 346.582732
428.000000 0.906309 0.065421 100.000000 100.000000 0.002139 0.133023 0.000437 0.161385 0.001675 0.194176 2.000000 1.000000 1.000000 4.000000 31435.107358 372.582666
959.000000 0.418378 0.582899 100.000000 100.000000 0.006438 0.167375 0.001280 0.149688 0.002709 0.109117 7.000000 1.000000 1.000000 9.000000 38395.935686 354.876781
965.000000 0.750384 0.244560 100.000000 100.000000 0.004812 0.170087 0.008409 0.173671 0.006205 0.169671 4.000000 5.000000 6.000000 15.000000 41319.561904 355.744120
508.000000 0.135369 0.874016 100.000000 100.000000 0.008259 0.114148 0.001702 0.157453 0.002738 0.162981 2.000000 2.000000 3.000000 7.000000 42885.379473 357.429820
581.000000 0.894738 0.106713 100.000000 100.000000 0.003380 0.185443 0.002302 0.163975 0.003262 0.174042 4.000000 1.000000 2.000000 7.000000 32717.675923 371.844986
644.000000 0.198998 0.804348 100.000000 100.000000 0.004157 0.155598 0.006438 0.170046 0.005101 0.121256 4.000000 3.000000 5.000000 12.000000 38989.172783 355.919478
16.000000 0.592319 0.437500 100.000000 100.000000 0.008575 0.110245 0.006795 0.147139 0.009297 0.116058 2.000000 4.000000 4.000000 10.000000 38389.283126 354.824722
869.000000 0.771660 0.238205 100.000000 100.000000 0.006833 0.128653 0.009458 0.183382 0.006565 0.145729 4.000000 4.000000 4.000000 12.000000 42008.661147 368.050976
40.000000 0.681206 0.300000 100.000000 100.000000 0.001475 0.102125 0.001095 0.197496 0.001531 0.168728 1.000000 1.000000 2.000000 4.000000 40753.104080 372.999527
835.000000 0.440251 0.559281 100.000000 100.000000 0.004234 0.129835 0.004245 0.158561 0.009998 0.164931 4.000000 3.000000 4.000000 11.000000 43220.801507 335.151477
343.000000 0.815083 0.183673 100.000000 100.000000 0.000163 0.109990 0.008038 0.155672 0.009287 0.142500 1.000000 6.000000 7.000000 14.000000 42962.760012 362.281417
24.000000 0.013660 0.958333 100.000000 100.000000 0.004104 0.157758 0.004709 0.195850 0.000324 0.189100 4.000000 2.000000 1.000000 7.000000 41549.739468 358.426496
171.000000 0.412829 0.625731 100.000000 100.000000 0.008899 0.140863 0.008602 0.186106 0.000397 0.166449 7.000000 5.000000 1.000000 13.000000 42694.790550 348.636141
844.000000 0.731123 0.295024 100.000000 100.000000 0.009605 0.199089 0.008009 0.173861 0.004043 0.177762 8.000000 2.000000 2.000000 12.000000 37666.305060 337.676784
111.000000 0.608494 0.369369 100.000000 100.000000 0.007413 0.195221 0.001752 0.167639 0.002643 0.109266 3.000000 3.000000 1.000000 7.000000 35702.310477 323.509579
925.000000 0.370774 0.634595 100.000000 100.000000 0.007960 0.159926 0.005873 0.132805 0.001859 0.124110 4.000000 6.000000 1.000000 11.000000 41261.148992 356.397826
930.000000 0.784898 0.184946 100.000000 100.000000 0.000821 0.178581 0.004402 0.149363 0.002726 0.160173 2.000000 3.000000 2.000000 7.000000 37933.570947 387.066742
942.000000 0.082987 0.910828 100.000000 100.000000 0.008859 0.176694 0.007552 0.196815 0.006731 0.109982 6.000000 5.000000 5.000000 16.000000 39886.864941 350.179265
190.000000 0.416063 0.573684 100.000000 100.000000 0.006687 0.177858 0.009573 0.190206 0.001046 0.185090 7.000000 4.000000 2.000000 13.000000 39440.326720 347.180099
150.000000 0.282808 0.726667 100.000000 100.000000 0.003197 0.115525 0.001038 0.127067 0.008612 0.166055 3.000000 1.000000 5.000000 9.000000 39576.689147 355.378518
297.000000 0.387272 0.606061 100.000000 100.000000 0.009060 0.188486 0.008180 0.198761 0.007061 0.132175 2.000000 3.000000 7.000000 12.000000 40330.218140 344.312574
887.000000 0.069599 0.944758 100.000000 100.000000 0.003553 0.175792 0.007180 0.106043 0.008837 0.175599 4.000000 1.000000 4.000000 9.000000 39738.685666 359.370512
316.000000 0.685212 0.291139 100.000000 100.000000 0.005780 0.135625 0.005902 0.121423 0.009334 0.162045 8.000000 5.000000 8.000000 21.000000 42340.935562 357.130708
701.000000 0.667644 0.348074 100.000000 100.000000 0.005226 0.108613 0.008702 0.186059 0.003413 0.139426 2.000000 7.000000 5.000000 14.000000 39453.867703 356.677969
50.000000 0.841610 0.160000 100.000000 100.000000 0.006787 0.193120 0.000808 0.179384 0.008493 0.121347 5.000000 1.000000 4.000000 10.000000 39759.667191 358.136259
538.000000 0.261557 0.721190 100.000000 100.000000 0.000600 0.198596 0.006380 0.113230 0.006744 0.164977 1.000000 6.000000 5.000000 12.000000 39870.307072 355.508627
337.000000 0.684764 0.347181 100.000000 100.000000 0.001524 0.182704 0.009416 0.147051 0.004137 0.102228 2.000000 4.000000 3.000000 9.000000 37200.358666 354.913409
961.000000 0.250458 0.721124 100.000000 100.000000 0.005521 0.145574 0.001223 0.186066 0.002121 0.179641 5.000000 2.000000 2.000000 9.000000 38960.189293 340.321716
447.000000 0.122130 0.879195 100.000000 100.000000 0.004372 0.164220 0.006759 0.191472 0.006577 0.148537 4.000000 4.000000 5.000000 13.000000 39009.728079 347.854928
817.000000 0.683370 0.312118 100.000000 100.000000 0.009708 0.140667 0.007173 0.132187 0.001461 0.172816 2.000000 3.000000 2.000000 7.000000 42205.022498 360.137669
869.000000 0.487855 0.515535 100.000000 100.000000 0.002712 0.137284 0.009552 0.175444 0.000948 0.149938 1.000000 4.000000 2.000000 7.000000 43253.615739 350.564610
493.000000 0.878413 0.119675 100.000000 100.000000 0.003124 0.149493 0.001916 0.118684 0.008185 0.160896 1.000000 4.000000 3.000000 8.000000 40012.952141 325.055664
858.000000 0.943411 0.053613 100.000000 100.000000 0.001313 0.191344 0.002502 0.150266 0.004831 0.173603 2.000000 2.000000 3.000000 7.000000 31164.568037 404.362806
41.000000 0.632855 0.341463 100.000000 100.000000 0.005804 0.139808 0.008244 0.156660 0.001919 0.184026 2.000000 3.000000 1.000000 6.000000 32231.477105 391.691356
315.000000 0.804781 0.190476 100.000000 100.000000 0.001126 0.195110 0.003208 0.144210 0.000410 0.106819 2.000000 3.000000 2.000000 7.000000 37005.716890 367.325411
550.000000 0.888118 0.087273 100.000000 100.000000 0.006386 0.160479 0.004830 0.130984 0.000232 0.116820 6.000000 2.000000 1.000000 9.000000 38531.281596 397.991495
715.000000 0.667345 0.327273 100.000000 100.000000 0.002389 0.106665 0.007745 0.136477 0.009848 0.199548 3.000000 2.000000 5.000000 10.000000 36426.669951 376.416468
315.000000 0.969017 0.025397 100.000000 100.000000 0.009901 0.126995 0.005808 0.129360 0.005051 0.157836 4.000000 3.000000 5.000000 12.000000 40243.343261 365.746232
463.000000 0.587989 0.423326 100.000000 100.000000 0.002009 0.133160 0.004538 0.177756 0.009437 0.107883 2.000000 5.000000 6.000000 13.000000 38671.713277 373.572557
890.000000 0.158934 0.859551 100.000000 100.000000 0.000708 0.120593 0.007866 0.130772 0.006268 0.188086 1.000000 6.000000 3.000000 10.000000 37944.458581 340.723364
720.000000 0.294056 0.713889 100.000000 100.000000 0.009594 0.119521 0.001723 0.179022 0.005068 0.171330 5.000000 1.000000 4.000000 10.000000 36687.565030 363.838394
806.000000 0.806772 0.177419 100.000000 100.000000 0.008517 0.141042 0.007366 0.158236 0.000115 0.115987 4.000000 3.000000 1.000000 8.000000 35223.300080 354.971572
451.000000 0.420368 0.620843 100.000000 100.000000 0.003929 0.113306 0.005438 0.163715 0.002414 0.118285 2.000000 2.000000 1.000000 5.000000 35091.868737 351.913486
145.000000 0.115038 0.917241 100.000000 100.000000 0.003698 0.144698 0.006409 0.188235 0.009757 0.156518 2.000000 4.000000 7.000000 13.000000 35650.973674 353.939488
92.000000 0.687377 0.358696 100.000000 100.000000 0.004113 0.174168 0.002080 0.156115 0.009264 0.166133 3.000000 3.000000 6.000000 12.000000 33708.845414 355.402331
283.000000 0.010748 0.992933 100.000000 100.000000 0.008578 0.164347 0.001187 0.137205 0.001632 0.185317 5.000000 2.000000 3.000000 10.000000 34702.683266 355.293449
557.000000 0.429028 0.590664 100.000000 100.000000 0.007161 0.167476 0.009951 0.102481 0.002135 0.134636 2.000000 6.000000 1.000000 9.000000 35832.605028 348.489936
285.000000 0.596475 0.371930 100.000000 100.000000 0.004399 0.194719 0.007130 0.195857 0.008933 0.129315 3.000000 4.000000 8.000000 15.000000 36680.043006 345.924220
985.000000 0.585700 0.412183 100.000000 100.000000 0.001682 0.185281 0.009323 0.114148 0.006267 0.158836 3.000000 6.000000 7.000000 16.000000 40209.930692 354.478789
527.000000 0.302840 0.717268 100.000000 100.000000 0.004921 0.183028 0.005273 0.146704 0.008028 0.132640 3.000000 4.000000 3.000000 10.000000 39970.369886 341.063240
338.000000 0.188372 0.798817 100.000000 100.000000 0.002858 0.197134 0.004159 0.113128 0.004167 0.170717 2.000000 3.000000 3.000000 8.000000 39028.422536 344.549752
173.000000 0.703850 0.300578 100.000000 100.000000 0.005788 0.161091 0.007895 0.126196 0.006074 0.199218 6.000000 3.000000 4.000000 13.000000 40195.779096 329.999419
691.000000 0.578458 0.416787 100.000000 100.000000 0.009489 0.114785 0.003544 0.186121 0.007714 0.146878 8.000000 3.000000 5.000000 16.000000 43931.728466 357.339651
578.000000 0.898421 0.115917 100.000000 100.000000 0.005423 0.175359 0.009659 0.142446 0.009109 0.152501 6.000000 5.000000 6.000000 17.000000 43634.821683 348.424292
672.000000 0.198400 0.793155 100.000000 100.000000 0.008382 0.151704 0.004523 0.170884 0.008071 0.141499 5.000000 2.000000 5.000000 12.000000 41263.467167 350.363995
703.000000 0.499724 0.493599 100.000000 100.000000 0.004308 0.186812 0.008645 0.122436 0.002825 0.109950 4.000000 4.000000 2.000000 10.000000 42334.248043 352.472981
960.000000 0.287909 0.716667 100.000000 100.000000 0.006380 0.189115 0.007130 0.116277 0.005726 0.148906 7.000000 4.000000 3.000000 14.000000 38391.854276 352.963289
946.000000 0.665031 0.324524 100.000000 100.000000 0.002637 0.117149 0.006138 0.176995 0.008185 0.175521 4.000000 7.000000 7.000000 18.000000 43690.625175 379.099520
424.000000 0.913675 0.120283 100.000000 100.000000 0.006226 0.112855 0.005252 0.118329 0.003468 0.151094 5.000000 3.000000 6.000000 14.000000 44326.671838 350.590120
99.000000 0.064050 0.959596 100.000000 100.000000 0.006014 0.149281 0.004602 0.142461 0.006526 0.132931 4.000000 4.000000 5.000000 13.000000 42236.304324 343.399535
765.000000 0.464613 0.498039 100.000000 100.000000 0.002625 0.174423 0.000837 0.147582 0.009275 0.139691 4.000000 1.000000 2.000000 7.000000 42104.744565 353.474994
791.000000 0.598167 0.391909 100.000000 100.000000 0.008952 0.138703 0.000430 0.160302 0.005174 0.198605 10.000000 1.000000 5.000000 16.000000 42285.463902 355.457335
